3,0.00,PNumber:,Gender:,Age:
0,0.02,583.45,33.13,659.41
1,0.02,0.00,278.56,0.00
0,0.23,583.45,32.56,659.41
0,2.25,583.39,32.15,659.02
0,2.39,583.31,32.13,658.52
0,2.54,583.23,32.10,657.98
0,2.69,583.15,32.08,657.44
0,2.84,583.07,32.06,656.91
0,2.99,582.99,32.04,656.37
1,3.05,0.00,279.42,0.00
1,3.09,0.00,280.23,0.00
0,3.14,582.90,32.02,655.84
1,3.14,0.00,281.47,0.00
1,3.19,0.00,282.79,0.00
1,3.24,0.00,284.09,0.00
0,3.29,582.78,32.01,655.31
1,3.29,0.00,285.41,0.00
1,3.34,0.00,286.71,0.00
1,3.39,0.00,288.03,0.00
0,3.44,582.62,32.00,654.79
1,3.44,0.00,289.35,0.00
1,3.49,0.00,290.37,0.00
1,3.54,0.00,290.95,0.00
1,3.60,0.00,291.53,0.00
0,3.64,582.44,31.98,654.31
1,3.69,0.00,292.22,0.00
0,3.94,582.24,31.97,653.81
0,4.04,582.02,31.96,653.29
0,4.14,581.74,31.96,652.60
0,4.21,581.50,31.96,652.02
0,4.26,581.31,31.96,651.56
0,4.34,581.00,31.96,650.79
0,4.41,580.74,31.96,650.17
0,4.49,580.42,31.96,649.40
0,4.56,580.19,31.96,648.82
0,4.64,579.93,31.96,648.20
0,4.74,579.70,31.96,647.64
0,4.89,579.49,31.96,647.13
0,5.26,579.70,31.96,647.65
0,5.41,579.90,31.96,648.11
0,8.26,579.86,31.96,647.57
0,8.36,579.62,31.96,647.07
0,8.46,579.31,31.96,646.39
0,8.53,579.07,31.96,645.83
0,8.61,578.75,31.96,645.07
0,8.68,578.44,31.96,644.47
1,8.68,0.00,291.66,0.00
1,8.71,359.59,289.45,0.00
1,8.73,359.14,287.86,0.00
0,8.76,578.04,31.96,643.81
1,8.76,357.92,283.93,0.00
1,8.78,357.32,281.99,0.00
1,8.81,356.64,278.15,0.00
0,8.83,577.77,31.96,643.36
1,8.83,356.36,277.01,0.00
0,8.91,577.50,31.96,642.90
0,9.03,577.18,31.96,642.46
0,9.13,576.74,31.96,642.15
0,9.21,576.22,31.96,641.91
0,9.28,575.71,31.96,641.72
0,9.36,574.98,31.96,641.42
0,9.43,574.40,31.97,641.11
0,9.51,573.67,31.97,640.68
1,9.56,356.15,277.86,0.00
0,9.58,573.09,31.98,640.35
1,9.61,356.15,278.57,0.00
0,9.66,572.38,31.98,639.93
1,9.66,356.15,279.27,0.00
0,9.71,571.95,31.98,639.68
0,9.78,571.37,31.99,639.34
0,9.86,570.67,31.99,638.90
0,9.91,570.25,32.00,638.63
0,9.98,569.69,31.99,638.27
0,10.06,568.99,31.99,637.83
0,10.13,568.42,31.98,637.47
0,10.18,568.00,31.98,637.20
0,10.23,567.58,31.98,636.93
0,10.31,566.87,31.99,636.49
0,10.36,566.45,31.99,636.22
0,10.43,565.89,31.99,635.86
0,10.48,565.47,32.00,635.59
0,10.53,565.05,32.00,635.32
0,10.61,564.35,32.00,634.88
0,10.66,563.92,31.99,634.61
0,10.71,563.49,31.99,634.34
1,10.71,356.15,280.02,0.00
1,10.76,356.15,280.63,0.00
0,10.78,562.93,31.99,633.99
1,10.81,356.15,281.67,0.00
1,10.83,356.15,282.31,0.00
0,10.86,562.21,31.99,633.58
1,10.86,356.15,284.35,0.00
1,10.88,356.15,285.65,0.00
0,10.91,561.75,31.98,633.35
1,10.91,356.15,288.70,0.00
1,10.93,356.15,290.20,0.00
1,10.96,356.15,293.31,0.00
0,10.98,561.14,31.98,633.11
1,10.98,356.15,294.87,0.00
1,11.01,356.15,297.15,0.00
0,11.06,560.34,31.97,632.90
0,11.11,559.85,31.96,632.77
0,11.18,559.22,31.96,632.61
0,11.26,558.53,31.96,632.47
0,11.36,557.88,31.96,632.33
0,11.48,557.35,31.96,632.24
0,11.58,556.81,31.96,632.25
0,11.66,556.21,31.96,632.32
0,11.73,555.66,31.96,632.41
1,11.78,356.15,297.80,0.00
0,11.81,554.86,31.96,632.48
1,11.83,356.15,298.45,0.00
0,11.88,554.19,31.96,632.52
1,11.88,356.15,299.11,0.00
1,11.93,356.15,299.72,0.00
0,11.96,553.37,31.96,632.59
0,12.01,552.86,31.96,632.64
0,12.08,552.20,31.96,632.70
0,12.16,551.37,31.96,632.77
0,12.21,550.87,31.95,632.82
0,12.28,550.21,31.95,632.88
0,12.33,549.71,31.96,632.92
1,12.38,356.15,300.47,0.00
0,12.41,548.89,31.96,633.01
1,12.41,356.15,302.07,0.00
1,12.43,356.15,303.15,0.00
1,12.46,356.15,305.39,0.00
0,12.48,548.23,31.96,633.11
1,12.48,356.15,306.52,0.00
1,12.51,356.15,308.82,0.00
1,12.53,356.15,309.94,0.00
0,12.56,547.42,31.96,633.31
1,12.56,356.15,311.48,0.00
0,12.63,546.79,31.96,633.50
0,12.68,546.31,31.96,633.64
0,12.76,545.51,31.96,633.88
0,12.83,544.87,31.96,634.07
0,12.91,544.07,31.96,634.29
0,12.98,543.43,31.96,634.45
0,13.06,542.63,31.96,634.59
0,13.13,542.09,31.96,634.68
0,13.21,541.53,31.96,634.77
1,13.28,356.15,312.12,0.00
1,13.31,356.15,313.60,0.00
0,13.33,540.98,31.96,634.86
1,13.33,356.15,314.51,0.00
1,13.36,356.15,316.52,0.00
1,13.38,356.15,317.57,0.00
1,13.41,356.15,319.60,0.00
1,13.43,356.15,320.62,0.00
1,13.46,356.15,321.64,0.00
0,13.86,541.56,31.96,635.07
0,13.96,542.25,31.96,635.16
1,13.96,356.15,320.98,0.00
1,13.98,356.15,320.21,0.00
1,14.01,356.15,317.83,0.00
0,14.03,542.75,31.96,635.24
1,14.03,356.15,316.41,0.00
1,14.06,356.15,313.58,0.00
1,14.08,356.15,312.12,0.00
0,14.11,543.37,31.96,635.41
1,14.11,356.15,309.81,0.00
0,14.21,544.08,31.96,635.56
0,14.31,544.69,31.96,635.54
1,14.37,356.15,308.74,0.00
1,14.38,356.15,308.22,0.00
0,14.41,545.24,31.96,635.43
1,14.41,356.15,307.11,0.00
1,14.43,356.15,306.55,0.00
1,14.46,356.15,305.41,0.00
1,14.48,356.15,304.84,0.00
0,14.51,545.83,31.96,635.41
1,14.51,356.15,303.72,0.00
1,14.53,356.15,303.13,0.00
1,14.56,356.15,301.65,0.00
1,14.58,356.15,300.57,0.00
0,14.61,546.40,31.96,635.47
1,14.61,356.15,298.24,0.00
1,14.63,356.15,297.06,0.00
1,14.66,356.15,294.70,0.00
1,14.68,356.15,293.91,0.00
0,14.71,546.99,31.96,635.64
0,14.81,547.64,31.96,636.00
0,14.88,548.05,31.96,636.32
0,14.96,548.55,31.96,636.82
0,15.03,548.95,31.96,637.28
0,15.11,549.44,31.96,637.84
1,15.16,356.15,295.61,0.00
0,15.18,549.88,31.96,638.25
1,15.18,356.15,296.82,0.00
1,15.21,356.15,299.60,0.00
1,15.23,356.15,301.03,0.00
0,15.26,550.44,31.96,638.64
1,15.26,356.15,303.97,0.00
1,15.28,356.15,305.38,0.00
1,15.31,356.15,307.98,0.00
1,15.33,356.15,308.78,0.00
0,15.36,551.00,31.96,638.97
0,15.48,551.44,31.96,639.23
0,15.86,551.98,31.96,639.28
0,17.72,552.53,31.96,639.17
1,17.77,356.15,307.88,0.00
1,17.78,356.15,307.12,0.00
1,17.82,356.15,305.62,0.00
1,17.83,356.15,304.92,0.00
1,17.87,356.15,304.05,0.00
0,17.88,553.04,31.96,639.15
0,20.34,553.58,31.96,639.27
1,20.39,356.15,302.10,0.00
1,20.40,356.15,300.98,0.00
1,20.43,356.15,298.27,0.00
1,20.45,356.15,296.79,0.00
0,20.48,554.20,31.96,639.32
1,20.48,356.15,293.51,0.00
1,20.50,356.15,291.55,0.00
1,20.53,356.15,287.48,0.00
1,20.55,356.15,285.45,0.00
0,20.59,554.76,31.96,639.53
1,20.59,356.15,281.33,0.00
1,20.60,356.15,279.11,0.00
1,20.64,356.15,275.45,0.00
1,20.65,356.15,274.22,0.00
0,20.69,555.29,31.96,639.94
1,20.69,356.15,273.44,0.00
0,20.78,555.79,31.96,640.41
0,20.88,556.31,31.96,640.75
0,20.98,556.87,31.96,640.90
0,21.09,557.42,31.96,641.01
0,21.20,557.92,31.96,641.12
0,21.54,558.25,31.96,640.66
0,21.64,558.21,31.96,640.12
0,21.74,558.14,31.97,639.39
0,21.80,558.10,31.97,638.79
0,21.85,558.07,31.97,638.29
0,21.94,558.02,31.97,637.46
0,21.99,557.99,31.97,636.96
0,22.05,557.94,31.97,636.29
1,22.09,356.15,274.30,0.00
0,22.10,557.91,31.97,635.79
1,22.14,356.15,275.34,0.00
0,22.19,557.83,31.97,634.96
1,22.19,356.15,276.49,0.00
1,22.24,356.15,277.77,0.00
0,22.25,557.75,31.97,634.30
1,22.25,356.15,278.28,0.00
1,22.29,356.15,279.31,0.00
0,22.30,557.67,31.97,633.80
1,22.30,356.15,279.81,0.00
1,22.34,356.15,280.83,0.00
0,22.35,557.58,31.96,633.31
0,22.44,557.44,31.96,632.58
1,22.49,356.15,279.77,0.00
0,22.50,557.35,31.96,632.08
1,22.50,356.15,278.12,0.00
1,22.54,356.15,274.01,0.00
1,22.55,356.15,271.95,0.00
0,22.59,557.25,31.96,631.58
1,22.59,356.15,267.75,0.00
1,22.62,356.15,263.80,0.00
1,22.64,356.15,261.79,0.00
1,22.65,356.15,259.59,0.00
1,22.69,356.15,255.51,0.00
1,22.71,356.15,253.44,0.00
0,22.74,557.15,31.96,631.05
1,22.74,356.15,249.37,0.00
1,22.75,356.15,247.33,0.00
1,22.79,356.15,243.24,0.00
1,22.81,356.15,241.18,0.00
1,22.84,356.15,237.08,0.00
1,22.86,356.15,235.00,0.00
1,22.89,356.15,230.95,0.00
1,22.91,356.15,228.95,0.00
1,22.94,356.15,224.83,0.00
1,22.96,356.15,222.81,0.00
1,22.99,356.15,218.68,0.00
1,23.01,356.15,216.63,0.00
1,23.04,356.15,212.59,0.00
1,23.06,356.15,210.45,0.00
1,23.09,356.15,206.42,0.00
1,23.11,356.15,204.42,0.00
1,23.14,356.15,200.36,0.00
1,23.16,356.15,198.32,0.00
1,23.19,356.15,194.18,0.00
0,23.21,557.46,31.96,630.66
1,23.21,356.15,192.21,0.00
1,23.24,356.15,188.48,0.00
1,23.25,356.15,186.44,0.00
1,23.29,356.15,182.40,0.00
1,23.30,356.15,180.58,0.00
1,23.34,356.15,178.49,0.00
0,23.39,557.45,31.96,630.08
0,23.48,557.46,31.96,629.49
0,23.55,557.46,31.96,628.99
0,23.63,557.49,31.96,628.23
0,23.70,557.57,31.96,627.57
0,23.79,557.79,31.97,626.78
1,23.79,356.15,175.97,0.00
1,23.80,356.15,174.29,0.00
0,23.84,557.99,31.98,626.31
1,23.84,356.15,170.48,0.00
1,23.85,356.15,168.52,0.00
1,23.89,356.15,164.50,0.00
0,23.90,558.31,31.98,625.75
1,23.90,356.15,162.44,0.00
1,23.94,356.15,158.39,0.00
1,23.95,356.15,156.35,0.00
0,23.99,558.83,31.98,625.11
1,23.99,356.15,152.25,0.00
1,24.00,356.15,150.29,0.00
1,24.04,356.15,146.19,0.00
0,24.05,559.31,31.98,624.67
1,24.05,356.15,144.12,0.00
1,24.09,356.15,140.06,0.00
1,24.10,356.15,138.01,0.00
0,24.13,559.98,31.98,624.22
1,24.13,356.15,133.96,0.00
1,24.15,356.15,131.94,0.00
1,24.19,356.15,127.79,0.00
0,24.20,560.57,31.97,623.95
1,24.20,356.15,125.81,0.00
1,24.23,356.15,121.74,0.00
1,24.25,356.15,119.61,0.00
0,24.28,561.34,31.97,623.72
1,24.28,356.15,115.59,0.00
1,24.30,356.15,113.55,0.00
1,24.34,356.15,109.44,0.00
0,24.35,561.98,31.96,623.64
1,24.35,356.15,107.43,0.00
1,24.39,356.15,103.20,0.00
1,24.40,356.15,101.60,0.00
0,24.44,562.79,31.96,623.66
1,24.44,356.15,99.86,0.00
0,24.50,563.44,31.96,623.78
0,24.59,564.27,31.96,623.88
0,24.65,564.93,31.96,623.95
0,24.73,565.76,31.96,623.97
1,24.75,356.15,98.87,0.00
0,24.79,566.26,31.97,623.97
1,24.79,356.15,95.83,0.00
1,24.80,356.15,93.78,0.00
0,24.84,566.76,31.97,623.99
1,24.84,356.15,89.68,0.00
1,24.85,356.15,87.57,0.00
1,24.89,356.15,83.56,0.00
0,24.90,567.42,31.97,624.07
1,24.90,356.15,81.52,0.00
1,24.94,356.15,77.50,0.00
1,24.95,356.15,75.41,0.00
0,24.99,568.22,31.98,624.31
1,24.99,356.15,71.40,0.00
1,25.00,356.15,69.82,0.00
0,25.04,568.68,31.98,624.51
1,25.04,356.15,68.39,0.00
0,25.10,569.28,31.98,624.77
0,25.19,570.04,31.99,625.11
0,25.25,570.65,31.99,625.38
0,25.30,571.12,32.00,625.58
1,25.30,356.15,67.33,0.00
1,25.34,356.15,65.03,0.00
1,25.35,356.15,63.61,0.00
0,25.39,571.86,32.00,625.96
1,25.39,356.15,60.73,0.00
1,25.40,356.15,59.48,0.00
1,25.44,356.15,58.13,0.00
0,25.45,572.41,32.01,626.31
0,25.54,573.10,32.02,626.77
0,25.59,573.52,32.02,627.04
0,25.64,573.96,32.02,627.31
0,25.70,574.54,32.02,627.62
1,25.70,356.15,58.98,0.00
1,25.74,356.15,60.01,0.00
1,25.75,356.15,60.52,0.00
0,25.79,575.31,32.02,627.91
1,25.79,356.15,61.31,0.00
0,25.85,575.91,32.02,628.04
0,25.94,576.66,32.02,628.08
0,26.00,577.26,32.02,628.07
0,26.09,578.01,32.03,628.05
0,26.15,578.60,32.04,628.04
0,26.24,579.35,32.05,628.03
0,26.30,579.95,32.07,628.02
0,26.39,580.71,32.08,628.01
0,26.45,581.32,32.08,628.00
1,26.45,356.15,60.63,0.00
1,26.49,356.15,58.82,0.00
1,26.50,356.15,57.52,0.00
0,26.54,582.08,32.09,628.02
1,26.54,356.15,54.39,0.00
1,26.55,356.15,52.66,0.00
1,26.59,356.15,48.57,0.00
0,26.60,582.70,32.10,628.07
1,26.60,356.15,46.49,0.00
1,26.64,356.15,42.47,0.00
1,26.65,356.15,40.39,0.00
0,26.69,583.51,32.10,628.10
1,26.69,356.15,36.22,0.00
1,26.70,356.15,34.24,0.00
1,26.74,356.15,30.03,0.00
0,26.75,584.15,32.10,628.03
1,26.75,356.15,28.09,0.00
1,26.79,356.15,23.98,0.00
1,26.80,356.15,22.04,0.00
0,26.84,584.92,32.10,627.83
1,26.84,356.15,17.97,0.00
1,26.85,356.25,15.92,0.00
0,26.89,585.43,32.11,627.68
1,26.89,356.32,14.01,0.00
0,26.96,586.07,32.11,627.52
0,27.01,586.56,32.12,627.40
0,27.06,587.05,32.13,627.27
0,27.14,587.84,32.15,627.08
0,27.19,588.32,32.15,626.93
1,27.21,356.32,13.02,0.00
1,27.24,356.32,10.62,0.00
0,27.26,588.87,32.16,626.74
1,27.26,356.32,8.75,0.00
1,27.29,356.32,4.75,0.00
1,27.31,356.32,1.95,0.00
0,27.33,589.37,32.16,626.57
1,27.33,356.32,359.91,0.00
1,27.36,356.32,356.49,0.00
1,27.39,356.32,352.28,0.00
1,27.41,356.32,350.34,0.00
0,27.44,589.95,32.16,626.34
1,27.44,356.32,346.25,0.00
1,27.46,356.32,344.16,0.00
1,27.49,356.32,340.12,0.00
1,27.51,356.32,338.19,0.00
1,27.54,356.32,336.52,0.00
0,27.61,590.34,32.16,626.02
1,27.81,356.32,335.99,0.00
1,27.84,356.32,333.03,0.00
1,27.86,356.32,330.94,0.00
1,27.89,356.32,326.93,0.00
0,27.91,589.82,32.16,626.04
1,27.91,356.32,324.90,0.00
1,27.94,356.32,323.10,0.00
0,28.01,589.33,32.16,626.29
0,28.09,588.82,32.16,626.61
0,28.16,588.35,32.16,626.94
0,28.24,587.70,32.13,627.41
0,28.31,587.18,32.11,627.79
0,28.39,586.53,32.10,628.27
0,28.46,586.01,32.08,628.65
0,28.54,585.36,32.07,629.12
0,28.61,584.84,32.07,629.50
0,28.69,584.19,32.06,629.98
0,28.76,583.67,32.07,630.38
0,28.81,583.27,32.06,630.70
0,28.89,582.64,32.04,631.22
0,28.94,582.24,32.03,631.54
0,29.01,581.75,32.02,631.99
0,29.08,581.33,32.02,632.50
0,29.14,580.97,32.02,633.05
0,29.21,580.61,32.02,633.62
0,29.28,580.26,32.00,634.19
0,29.36,579.83,31.99,634.89
0,29.41,579.55,31.98,635.31
0,29.48,579.15,31.98,635.84
0,29.56,578.65,31.98,636.50
0,29.61,578.35,31.98,636.90
0,29.68,577.95,31.98,637.44
0,29.76,577.45,31.98,638.09
0,29.81,577.15,31.98,638.50
0,29.88,576.75,31.98,639.03
0,29.96,576.25,31.98,639.70
0,30.01,575.95,31.98,640.10
0,30.08,575.59,31.97,640.65
0,30.13,575.32,31.97,641.08
0,30.21,574.87,31.96,641.78
1,30.26,355.74,323.10,0.00
0,30.28,574.49,31.96,642.33
1,30.31,354.34,323.10,0.00
1,30.33,353.76,323.10,0.00
0,30.36,573.99,31.96,642.98
1,30.36,352.59,323.10,0.00
1,30.38,351.91,323.10,0.00
1,30.41,350.23,323.10,0.00
0,30.43,573.63,31.96,643.53
1,30.43,349.29,323.10,0.00
1,30.46,347.40,323.10,0.00
1,30.48,346.53,323.10,0.00
0,30.51,573.23,31.96,644.25
1,30.51,345.47,323.10,0.00
0,30.58,572.91,31.96,644.81
0,30.66,572.45,31.96,645.47
0,30.73,572.06,31.96,645.99
0,30.81,571.58,31.96,646.63
1,30.86,345.54,322.13,0.00
0,30.88,571.19,31.96,647.14
1,30.91,346.27,320.89,0.00
1,30.93,346.57,320.46,0.00
0,30.96,570.68,31.96,647.77
1,30.96,347.18,319.73,0.00
0,31.03,570.26,31.96,648.27
0,31.11,569.72,31.96,648.90
0,31.18,569.31,31.96,649.38
0,31.26,568.78,31.96,650.01
0,31.33,568.36,31.96,650.50
0,31.41,567.84,31.96,651.11
0,31.48,567.47,31.96,651.55
2,31.56,Home
0,31.56,567.09,31.96,652.01
0,31.66,566.75,31.96,652.41
0,35.71,567.10,31.96,651.99
0,35.81,567.38,31.96,651.51
0,35.91,567.56,31.96,650.96
1,35.91,347.18,316.88,0.00
1,35.93,347.18,315.16,0.00
1,35.96,347.18,311.20,0.00
1,35.98,347.18,309.16,0.00
0,36.01,567.64,31.96,650.32
1,36.01,347.18,305.05,0.00
1,36.03,347.18,303.04,0.00
1,36.06,347.18,298.87,0.00
0,36.08,567.67,31.95,649.81
1,36.08,347.18,296.90,0.00
1,36.11,347.18,292.80,0.00
1,36.13,347.18,290.69,0.00
0,36.16,567.70,31.96,649.12
1,36.16,347.18,286.69,0.00
1,36.18,347.18,284.64,0.00
1,36.21,347.18,280.55,0.00
0,36.23,567.79,31.96,648.54
1,36.23,347.18,278.51,0.00
1,36.26,347.23,274.36,0.00
1,36.28,347.37,272.37,0.00
0,36.31,567.94,31.96,647.80
1,36.31,348.17,268.25,0.00
1,36.33,348.67,266.13,0.00
1,36.37,349.96,262.12,0.00
0,36.38,568.02,31.96,647.14
1,36.38,350.67,260.09,0.00
1,36.42,352.00,256.02,0.00
0,36.43,568.12,31.96,646.65
1,36.43,352.41,254.29,0.00
1,36.47,352.41,253.18,0.00
0,36.52,568.26,31.96,645.83
0,36.58,568.28,31.96,645.18
0,36.67,568.18,31.96,644.37
0,36.73,568.00,31.96,643.76
0,36.82,567.66,31.96,643.04
0,36.88,567.30,31.96,642.50
0,36.97,566.75,31.96,641.90
0,37.03,566.25,31.96,641.48
1,37.03,352.41,253.70,0.00
1,37.07,352.41,256.02,0.00
1,37.08,352.41,257.63,0.00
0,37.12,565.65,31.97,641.00
1,37.12,352.41,261.31,0.00
1,37.13,352.41,263.26,0.00
1,37.17,352.41,267.02,0.00
0,37.18,565.15,31.97,640.70
1,37.18,352.41,268.85,0.00
1,37.22,352.41,271.00,0.00
0,37.27,564.60,31.96,640.39
0,37.37,564.10,31.96,640.12
0,37.53,563.66,31.96,639.87
