3,0.00,PNumber:12312123,Gender:asd,Age:asdas
0,0.02,583.45,33.14,659.41
1,0.02,0.00,278.56,0.00
1,7.33,359.80,278.56,0.00
1,7.36,357.59,279.78,0.00
1,7.38,356.29,280.92,0.00
1,7.41,354.47,283.99,0.00
1,7.43,353.84,285.66,0.00
1,7.46,353.16,289.19,0.00
1,7.48,352.96,290.97,0.00
1,7.51,352.98,293.50,0.00
1,7.53,354.24,291.71,0.00
1,7.56,356.36,288.41,0.00
1,7.58,357.31,286.78,0.00
1,7.61,359.00,282.77,0.00
1,7.63,359.40,280.60,0.00
1,7.66,357.44,281.17,0.00
1,7.68,356.13,282.32,0.00
1,7.71,354.57,285.65,0.00
1,7.73,354.37,287.53,0.00
1,7.76,355.33,289.90,0.00
1,7.78,356.87,288.86,0.00
1,7.81,359.43,285.80,0.00
1,7.83,0.48,284.08,0.00
1,7.86,1.71,280.24,0.00
1,7.88,2.01,278.25,0.00
1,7.91,0.82,277.62,0.00
1,7.93,359.13,278.71,0.00
1,7.96,356.48,281.21,0.00
1,7.98,355.44,282.81,0.00
1,8.01,354.56,284.27,0.00
1,8.03,354.61,282.58,0.00
1,8.06,354.93,278.53,0.00
1,8.08,355.26,276.45,0.00
1,8.11,355.64,272.41,0.00
1,8.13,355.64,270.33,0.00
1,8.17,353.61,268.46,0.00
1,8.18,351.65,269.06,0.00
1,8.21,348.91,271.90,0.00
1,8.23,348.66,274.06,0.00
1,8.26,349.28,277.98,0.00
1,8.28,350.36,279.73,0.00
1,8.31,353.07,282.72,0.00
1,8.33,354.63,284.02,0.00
1,8.37,357.98,286.36,0.00
1,8.38,359.61,287.44,0.00
1,8.41,3.04,289.64,0.00
1,8.43,4.90,290.85,0.00
1,8.47,8.32,293.05,0.00
1,8.48,9.99,294.10,0.00
1,8.51,13.41,296.21,0.00
1,8.53,15.17,297.29,0.00
1,8.57,18.69,299.46,0.00
1,8.58,20.36,300.49,0.00
1,8.61,23.78,302.60,0.00
1,8.63,25.64,303.75,0.00
1,8.67,29.07,305.86,0.00
1,8.68,30.73,306.89,0.00
1,8.71,34.15,308.99,0.00
1,8.73,35.92,310.08,0.00
1,8.77,39.22,312.29,0.00
1,8.78,40.68,313.38,0.00
1,8.82,43.59,315.98,0.00
1,8.83,44.89,317.45,0.00
1,8.87,47.02,320.54,0.00
1,8.88,47.97,322.11,0.00
1,8.92,49.93,325.51,0.00
1,8.93,50.83,327.22,0.00
1,8.97,52.47,330.56,0.00
1,8.98,53.27,332.19,0.00
1,9.02,54.97,335.65,0.00
1,9.03,55.82,337.37,0.00
1,9.07,57.47,340.74,0.00
1,9.08,58.27,342.36,0.00
1,9.12,60.00,345.84,0.00
1,9.13,60.00,347.58,0.00
1,9.17,60.00,351.06,0.00
1,9.18,60.00,352.59,0.00
1,9.22,60.00,353.34,0.00
1,9.43,60.00,350.88,0.00
1,9.47,60.00,346.84,0.00
1,9.48,59.90,344.76,0.00
1,9.52,59.72,340.72,0.00
1,9.53,59.71,338.63,0.00
1,9.57,59.66,334.48,0.00
1,9.58,59.36,332.51,0.00
1,9.62,57.37,329.13,0.00
1,9.63,55.54,328.33,0.00
1,9.67,51.49,328.33,0.00
1,9.68,49.41,328.52,0.00
1,9.72,45.82,330.18,0.00
1,9.73,44.25,331.45,0.00
1,9.77,41.74,334.57,0.00
1,9.78,40.71,336.15,0.00
1,9.82,38.89,339.51,0.00
1,9.83,38.21,341.50,0.00
1,9.87,37.42,345.31,0.00
1,9.88,37.13,347.17,0.00
1,9.92,36.54,351.02,0.00
1,9.93,36.26,353.02,0.00
1,9.97,35.83,357.06,0.00
1,9.98,35.65,358.98,0.00
1,10.02,35.42,2.94,0.00
1,10.03,35.42,5.11,0.00
1,10.07,35.42,9.16,0.00
1,10.08,35.42,11.11,0.00
1,10.12,36.85,12.96,0.00
1,10.13,38.00,12.96,0.00
1,10.17,41.54,10.97,0.00
1,10.18,42.82,9.80,0.00
1,10.22,45.29,6.66,0.00
1,10.23,46.37,4.97,0.00
1,10.27,48.22,2.62,0.00
1,10.33,48.27,5.10,0.00
1,10.37,48.27,9.05,0.00
1,10.38,48.27,11.01,0.00
1,10.42,48.27,15.18,0.00
1,10.43,48.27,17.25,0.00
1,10.47,48.27,21.30,0.00
1,10.48,48.27,23.26,0.00
1,10.50,48.27,25.46,0.00
1,10.53,47.92,29.49,0.00
1,10.57,45.94,33.00,0.00
1,10.58,44.29,34.01,0.00
1,10.60,42.19,34.24,0.00
1,10.63,38.19,33.82,0.00
1,10.67,35.15,31.47,0.00
1,10.68,34.27,29.70,0.00
1,10.70,33.92,27.67,0.00
1,10.73,33.92,23.62,0.00
1,10.77,33.92,19.46,0.00
1,10.78,33.92,17.50,0.00
1,10.80,33.95,15.41,0.00
1,10.83,34.12,11.26,0.00
1,10.87,34.40,7.33,0.00
1,10.88,34.59,5.25,0.00
1,10.90,34.78,3.18,0.00
1,10.93,35.14,359.13,0.00
1,10.97,35.52,354.98,0.00
1,10.98,35.69,353.01,0.00
1,11.00,35.88,350.93,0.00
1,11.03,36.24,346.89,0.00
1,11.05,36.43,344.80,0.00
1,11.08,37.14,340.76,0.00
1,11.10,37.63,338.68,0.00
1,11.13,38.60,335.11,0.00
1,11.15,39.09,333.47,0.00
1,11.18,39.93,330.57,0.00
1,11.20,40.25,329.22,0.00
1,11.23,40.47,326.68,0.00
1,11.25,40.49,325.55,0.00
1,11.28,40.49,323.30,0.00
1,11.30,40.49,322.14,0.00
1,11.33,40.49,319.91,0.00
1,11.35,40.49,318.77,0.00
1,11.38,40.49,316.86,0.00
1,11.40,40.49,316.07,0.00
1,11.43,40.49,315.10,0.00
1,11.68,40.49,315.62,0.00
1,11.70,40.49,317.07,0.00
1,11.73,40.49,321.11,0.00
1,11.75,40.49,323.07,0.00
1,11.78,40.49,327.11,0.00
1,11.80,40.49,329.19,0.00
1,11.83,40.49,333.35,0.00
1,11.85,40.49,335.31,0.00
1,11.88,40.49,339.36,0.00
1,11.93,40.89,337.56,0.00
1,11.95,41.35,335.63,0.00
1,11.98,42.33,331.53,0.00
1,12.00,42.66,329.54,0.00
1,12.05,41.80,331.53,0.00
1,12.08,40.41,335.27,0.00
1,12.10,39.73,337.14,0.00
1,12.13,38.42,340.84,0.00
1,12.15,37.80,342.65,0.00
1,12.18,37.59,344.46,0.00
1,12.20,38.29,343.35,0.00
1,12.23,38.76,339.51,0.00
1,12.25,38.28,337.56,0.00
1,12.28,35.33,334.67,0.00
1,12.30,33.48,333.87,0.00
1,12.33,29.44,333.67,0.00
1,12.35,27.42,334.16,0.00
1,12.38,24.83,336.99,0.00
1,12.40,24.59,339.04,0.00
1,12.44,25.22,343.19,0.00
1,12.45,26.50,344.84,0.00
1,12.48,30.24,346.59,0.00
1,12.50,32.32,346.59,0.00
1,12.53,35.95,345.11,0.00
1,12.55,36.64,343.32,0.00
1,12.58,35.91,339.38,0.00
1,12.60,33.85,338.70,0.00
1,12.64,29.69,338.57,0.00
1,13.20,31.85,338.00,0.00
1,13.24,35.75,336.41,0.00
1,13.25,37.53,335.59,0.00
1,13.29,41.05,333.84,0.00
1,13.30,42.84,333.26,0.00
1,13.34,44.53,334.32,0.00
1,13.35,44.53,336.28,0.00
1,13.39,44.53,340.45,0.00
1,13.40,44.53,342.53,0.00
1,13.44,44.53,346.57,0.00
1,13.45,44.84,348.53,0.00
1,13.49,46.99,352.06,0.00
1,13.50,48.94,352.30,0.00
1,13.54,52.55,350.92,0.00
1,13.55,53.83,349.54,0.00
1,13.59,55.57,345.93,0.00
1,13.60,56.02,343.97,0.00
1,13.64,55.41,343.29,0.00
1,13.65,54.12,344.07,0.00
1,13.69,51.81,347.14,0.00
1,13.70,50.77,348.83,0.00
1,13.74,49.05,352.20,0.00
1,13.75,48.29,353.97,0.00
1,13.79,46.92,357.51,0.00
1,13.80,46.28,359.34,0.00
1,13.84,45.57,2.53,0.00
1,23.01,45.57,6.69,0.00
1,23.03,45.57,8.64,0.00
1,23.06,45.57,12.79,0.00
1,23.08,45.57,14.86,0.00
1,23.11,45.57,18.88,0.00
1,23.13,45.57,20.84,0.00
1,23.16,45.57,24.99,0.00
1,23.18,45.57,27.05,0.00
1,23.21,45.57,31.09,0.00
1,23.23,45.57,33.03,0.00
1,23.26,45.57,37.18,0.00
1,23.28,45.57,39.26,0.00
1,23.31,45.57,43.30,0.00
1,23.33,45.70,45.26,0.00
1,23.36,46.80,49.35,0.00
1,23.38,47.60,51.30,0.00
1,23.41,49.17,55.11,0.00
1,23.43,50.03,57.02,0.00
1,23.46,51.66,58.43,0.00
1,23.48,51.66,57.32,0.00
1,23.51,51.66,53.18,0.00
1,23.53,51.66,51.21,0.00
1,23.56,51.66,47.17,0.00
1,23.58,51.05,45.17,0.00
1,23.61,49.16,44.16,0.00
1,23.63,47.88,45.84,0.00
1,23.66,46.63,49.50,0.00
1,23.68,46.63,51.56,0.00
1,23.71,46.63,55.71,0.00
1,23.73,46.63,57.68,0.00
1,23.76,46.63,61.72,0.00
1,23.78,46.63,63.80,0.00
1,23.81,46.63,67.60,0.00
1,23.83,46.63,68.68,0.00
4,33.19,838.48,30.73,1261.14,0.00,0.00,0.00
3,33.19,[StartPoint]PlayerPos:(838.5, 30.7, 1261.1),TargetName:Shed,TargetPos:(762.8, 30.8, 547.1)
0,33.19,838.48,30.73,1261.14
1,33.19,46.63,0.00,0.00
1,34.09,45.76,359.89,0.00
1,34.10,44.18,359.37,0.00
1,34.14,40.47,357.86,0.00
1,34.15,38.61,357.07,0.00
1,34.19,34.90,355.51,0.00
1,34.20,33.18,354.78,0.00
1,34.24,29.61,353.26,0.00
1,34.27,25.82,351.64,0.00
1,34.28,25.12,351.34,0.00
1,34.30,22.32,350.17,0.00
1,34.34,18.59,348.62,0.00
1,34.36,16.77,347.92,0.00
1,34.39,12.67,347.28,0.00
1,34.41,10.73,347.28,0.00
1,34.44,6.91,347.28,0.00
1,34.46,5.82,347.28,0.00
1,34.71,5.36,346.38,0.00
1,34.74,5.36,342.45,0.00
1,34.76,5.36,340.36,0.00
1,34.79,5.36,336.31,0.00
1,34.81,5.36,334.22,0.00
1,34.84,5.36,330.23,0.00
1,34.86,5.36,328.09,0.00
1,34.89,5.36,324.07,0.00
1,34.91,5.36,322.01,0.00
1,34.94,5.36,317.91,0.00
1,34.96,5.36,315.84,0.00
1,34.99,5.36,311.80,0.00
1,35.01,5.36,309.61,0.00
1,35.04,5.36,305.62,0.00
1,35.07,5.36,301.65,0.00
1,35.08,5.36,300.63,0.00
1,35.11,5.36,297.43,0.00
1,35.14,5.36,293.32,0.00
1,35.16,5.36,291.27,0.00
1,35.19,5.36,287.21,0.00
1,35.22,5.36,284.18,0.00
1,35.23,5.36,282.06,0.00
1,35.26,5.36,278.32,0.00
1,35.28,5.36,276.65,0.00
1,35.31,5.36,272.74,0.00
1,35.34,5.36,268.71,0.00
1,35.36,5.36,266.64,0.00
1,35.38,5.36,264.56,0.00
1,35.41,5.36,260.54,0.00
1,35.43,5.36,258.04,0.00
1,35.46,5.36,253.98,0.00
1,35.48,5.36,251.73,0.00
1,35.50,5.36,249.06,0.00
1,35.54,5.36,244.27,0.00
1,35.56,5.36,242.21,0.00
1,35.58,5.36,240.09,0.00
1,35.61,5.36,236.09,0.00
1,35.63,5.26,234.00,0.00
1,35.66,4.83,229.95,0.00
1,35.69,3.24,226.04,0.00
1,35.71,1.95,224.40,0.00
1,35.73,0.21,223.30,0.00
1,35.76,356.43,222.20,0.00
1,35.78,354.35,222.06,0.00
1,35.81,350.36,222.06,0.00
1,35.84,346.33,222.38,0.00
1,35.86,344.57,222.89,0.00
1,35.89,341.01,224.17,0.00
1,35.91,340.63,224.55,0.00
1,36.09,341.79,220.22,0.00
1,36.11,342.33,218.10,0.00
1,36.13,342.83,216.10,0.00
1,36.16,343.84,212.07,0.00
1,36.18,344.36,210.01,0.00
1,36.21,345.35,206.06,0.00
1,36.23,345.85,204.07,0.00
1,36.26,346.86,200.07,0.00
1,36.28,347.36,198.07,0.00
1,36.31,348.39,193.96,0.00
1,36.33,348.88,192.02,0.00
1,36.36,349.86,188.01,0.00
1,36.38,350.28,185.91,0.00
1,36.41,350.63,181.86,0.00
1,36.43,350.72,179.86,0.00
1,36.81,350.72,180.56,0.00
1,36.83,350.78,181.23,0.00
1,36.86,351.00,183.32,0.00
1,36.88,351.29,184.71,0.00
1,36.91,352.05,188.02,0.00
1,36.93,352.50,189.87,0.00
1,36.96,353.48,193.75,0.00
1,36.98,353.97,195.70,0.00
1,37.01,354.92,199.48,0.00
1,37.03,355.41,201.43,0.00
1,37.06,356.39,205.29,0.00
1,37.08,356.87,207.23,0.00
1,37.11,357.87,211.17,0.00
1,37.13,358.34,213.04,0.00
1,37.16,359.32,216.92,0.00
1,37.18,359.82,218.93,0.00
1,37.21,0.79,222.76,0.00
1,37.23,1.28,224.70,0.00
1,37.26,2.25,228.54,0.00
1,37.28,2.65,230.50,0.00
1,37.31,2.90,234.38,0.00
1,38.16,2.90,229.93,0.00
1,38.18,2.90,227.81,0.00
1,38.21,2.90,223.81,0.00
1,38.23,2.90,221.76,0.00
1,38.26,2.90,217.59,0.00
1,38.28,2.90,215.56,0.00
1,38.31,2.90,211.44,0.00
1,38.33,2.90,209.45,0.00
1,38.36,2.90,205.39,0.00
1,38.38,2.90,203.28,0.00
1,38.41,2.90,199.25,0.00
1,38.43,2.90,197.21,0.00
1,38.46,2.90,193.12,0.00
1,38.48,2.90,191.07,0.00
1,38.51,2.90,186.93,0.00
1,38.53,2.90,184.96,0.00
1,38.56,2.90,180.88,0.00
1,38.58,2.90,178.77,0.00
1,38.61,2.90,174.72,0.00
1,38.63,2.90,172.68,0.00
1,38.66,2.90,170.58,0.00
1,38.81,2.90,171.97,0.00
1,38.83,2.90,173.74,0.00
1,38.86,2.90,177.84,0.00
1,38.88,2.90,179.87,0.00
1,38.91,2.90,184.03,0.00
1,38.93,2.90,186.01,0.00
1,38.96,2.90,190.12,0.00
1,38.98,2.90,192.21,0.00
1,39.01,2.90,196.23,0.00
1,39.03,2.90,198.28,0.00
1,39.06,2.90,202.43,0.00
1,39.08,2.90,204.40,0.00
1,39.11,2.90,208.54,0.00
1,39.13,2.90,210.51,0.00
1,39.16,2.90,214.60,0.00
1,39.18,2.90,216.71,0.00
1,39.21,2.90,220.73,0.00
1,39.23,2.90,222.77,0.00
1,39.26,2.90,226.85,0.00
1,39.28,2.90,228.89,0.00
1,39.31,2.90,233.05,0.00
1,39.33,2.90,234.66,0.00
1,39.71,0.58,236.74,0.00
1,39.73,359.19,237.91,0.00
1,39.76,356.49,240.50,0.00
1,39.78,355.17,241.85,0.00
1,39.81,352.65,244.47,0.00
1,39.83,351.38,245.85,0.00
1,39.86,348.89,248.60,0.00
1,39.88,348.00,249.91,0.00
1,39.91,347.43,251.08,0.00
1,40.26,347.76,250.69,0.00
1,40.28,348.43,249.91,0.00
1,40.31,350.78,247.73,0.00
1,40.33,352.03,246.62,0.00
1,40.36,354.58,244.27,0.00
1,40.38,355.72,243.06,0.00
1,40.41,356.39,242.00,0.00
1,40.93,356.39,241.28,0.00
1,40.96,356.39,237.16,0.00
1,40.98,356.39,235.06,0.00
1,41.01,356.39,231.03,0.00
1,41.03,356.39,229.00,0.00
1,41.06,356.39,224.89,0.00
1,41.08,356.39,222.87,0.00
1,41.11,356.39,218.69,0.00
1,41.13,356.39,216.72,0.00
1,41.16,356.39,212.64,0.00
1,41.18,356.39,210.52,0.00
1,41.21,356.39,206.53,0.00
1,41.23,356.39,204.49,0.00
1,41.26,356.39,200.40,0.00
1,41.28,356.39,198.36,0.00
1,41.31,356.39,194.20,0.00
1,41.33,356.39,192.23,0.00
1,41.36,356.39,188.14,0.00
1,41.38,356.39,186.04,0.00
1,41.41,356.39,182.02,0.00
1,41.43,356.39,179.98,0.00
1,41.46,356.39,175.90,0.00
1,41.48,356.39,173.85,0.00
1,41.51,356.39,169.71,0.00
1,41.53,356.39,167.75,0.00
1,41.56,356.39,164.12,0.00
1,41.58,356.39,162.02,0.00
1,41.61,356.39,157.73,0.00
1,41.63,356.39,155.66,0.00
1,41.66,356.39,151.79,0.00
1,41.68,356.39,149.76,0.00
1,41.71,356.39,145.75,0.00
1,41.73,356.39,143.78,0.00
1,41.76,356.39,139.41,0.00
1,41.78,356.39,137.27,0.00
1,41.81,356.39,133.26,0.00
1,41.83,356.39,131.25,0.00
1,41.86,356.39,127.15,0.00
1,41.88,356.39,125.11,0.00
1,41.91,356.39,120.95,0.00
1,41.93,356.39,118.92,0.00
1,41.96,356.39,114.97,0.00
1,42.73,356.62,114.23,0.00
1,42.76,357.47,112.73,0.00
1,42.78,357.97,111.72,0.00
1,42.81,358.95,109.28,0.00
1,42.83,359.46,107.62,0.00
1,42.86,0.44,104.00,0.00
1,42.88,0.94,101.95,0.00
1,42.91,1.91,97.95,0.00
1,42.93,2.28,96.01,0.00
1,42.96,2.37,91.95,0.00
1,43.36,2.37,95.79,0.00
1,43.38,2.37,97.89,0.00
1,43.41,2.37,101.91,0.00
1,43.43,2.37,104.01,0.00
1,43.46,2.37,108.06,0.00
1,43.48,2.37,110.26,0.00
1,43.51,2.37,114.27,0.00
1,43.53,2.37,116.28,0.00
1,43.56,2.37,120.45,0.00
1,43.58,2.37,122.47,0.00
1,43.61,2.37,126.47,0.00
1,43.63,2.37,128.71,0.00
1,43.66,2.37,132.67,0.00
1,43.68,2.37,134.70,0.00
1,43.71,2.37,138.89,0.00
1,43.73,2.37,140.78,0.00
1,43.76,2.37,144.87,0.00
1,43.78,2.37,147.03,0.00
1,43.81,2.37,151.01,0.00
1,43.83,2.37,151.97,0.00
1,44.11,1.23,148.11,0.00
1,44.13,0.62,146.27,0.00
1,44.16,359.35,142.41,0.00
1,44.18,358.90,140.35,0.00
1,44.21,358.21,136.46,0.00
1,44.23,357.88,134.47,0.00
3,44.40,[EndPoint]PointAngle:(357.9, 134.5, 0.0),PointDir:(0.7, 0.0, -0.7)
4,44.40,762.82,30.82,547.09,0.00,0.00,0.00
3,44.40,[StartPoint]PlayerPos:(762.8, 30.8, 547.1),TargetName:Tent,TargetPos:(980.0, 30.9, 836.6)
0,44.43,762.82,30.82,547.09
1,44.43,357.88,0.00,0.00
1,44.66,357.88,359.78,0.00
1,44.68,357.88,358.68,0.00
1,44.72,357.88,353.81,0.00
1,44.73,357.88,352.51,0.00
1,44.75,357.88,350.55,0.00
1,44.79,357.88,346.21,0.00
1,44.80,357.88,343.98,0.00
1,44.83,357.88,340.33,0.00
1,44.85,357.88,338.16,0.00
1,44.88,357.88,334.46,0.00
1,44.92,357.88,330.33,0.00
1,44.93,357.88,328.35,0.00
1,44.97,357.88,324.24,0.00
1,44.98,357.88,322.15,0.00
1,45.02,357.88,318.12,0.00
1,45.03,357.88,316.07,0.00
1,45.07,357.88,312.70,0.00
3,45.22,[EndPoint]PointAngle:(357.9, 312.7, 0.0),PointDir:(-0.7, 0.0, 0.7)
4,45.22,980.04,30.91,836.62,0.00,0.00,0.00
3,45.22,[StartPoint]PlayerPos:(980.0, 30.9, 836.6),TargetName:Home,TargetPos:(559.8, 33.6, 666.0)
0,45.22,980.04,30.91,836.62
1,45.22,357.88,0.00,0.00
1,45.52,358.82,2.29,0.00
1,45.53,359.44,4.18,0.00
1,45.57,0.77,8.18,0.00
1,45.58,1.40,10.07,0.00
1,45.62,2.63,13.89,0.00
1,45.63,3.23,15.87,0.00
1,45.65,3.84,17.85,0.00
1,45.68,4.99,21.58,0.00
1,45.72,6.21,25.55,0.00
1,45.73,6.78,27.42,0.00
1,45.77,7.66,31.34,0.00
1,45.78,7.66,33.31,0.00
3,45.93,[EndPoint]PointAngle:(7.7, 33.2, 0.0),PointDir:(0.5, -0.1, 0.8)
4,45.93,559.80,33.56,665.99,0.00,0.00,0.00
3,45.93,[StartPoint]PlayerPos:(559.8, 33.6, 666.0),TargetName:Well,TargetPos:(560.6, 30.8, 1059.1)
0,45.93,559.80,33.56,665.99
1,45.93,7.66,0.00,0.00
1,46.33,7.66,0.52,0.00
1,46.35,7.66,1.56,0.00
1,46.39,7.66,5.30,0.00
1,46.41,7.66,8.84,0.00
1,46.43,7.66,10.88,0.00
1,46.46,7.66,14.96,0.00
1,46.48,7.66,17.00,0.00
1,46.51,7.66,21.12,0.00
1,46.53,7.66,23.10,0.00
1,46.56,7.66,27.17,0.00
1,46.58,7.66,29.29,0.00
1,46.62,7.66,33.43,0.00
1,46.63,7.66,35.51,0.00
1,46.67,7.66,39.52,0.00
1,46.68,7.66,41.48,0.00
1,46.71,7.66,45.63,0.00
1,46.73,7.66,47.72,0.00
1,46.77,7.66,51.77,0.00
1,46.78,7.66,53.79,0.00
1,46.82,7.66,57.89,0.00
1,46.83,7.66,60.01,0.00
1,46.86,7.66,63.97,0.00
1,46.88,7.66,65.92,0.00
1,46.91,7.66,70.07,0.00
1,46.93,7.66,72.05,0.00
1,46.96,7.66,73.74,0.00
3,47.08,[EndPoint]PointAngle:(7.7, 73.7, 0.0),PointDir:(1.0, -0.1, 0.3)
4,47.08,560.65,30.84,1059.12,0.00,0.00,0.00
3,47.08,[StartPoint]PlayerPos:(560.6, 30.8, 1059.1),TargetName:Column,TargetPos:(611.5, 40.6, 189.1)
0,47.08,560.65,30.84,1059.12
1,47.08,7.66,0.00,0.00
1,47.47,7.57,358.46,0.00
1,47.48,7.35,356.38,0.00
1,47.52,6.91,352.26,0.00
1,47.53,6.70,350.27,0.00
1,47.57,6.28,346.09,0.00
1,47.58,6.09,344.06,0.00
1,47.62,5.70,339.95,0.00
1,47.65,5.34,336.16,0.00
1,47.66,5.26,335.23,0.00
1,47.68,4.94,331.88,0.00
1,47.72,4.55,327.69,0.00
1,47.73,4.36,325.75,0.00
1,47.77,3.64,321.60,0.00
3,47.90,[EndPoint]PointAngle:(3.6, 321.6, 0.0),PointDir:(-0.6, -0.1, 0.8)
4,47.90,611.49,40.56,189.14,0.00,0.00,0.00
3,47.90,[StartPoint]PlayerPos:(611.5, 40.6, 189.1),TargetName:Truck,TargetPos:(838.5, 30.7, 1261.1)
0,47.93,611.49,40.56,189.14
1,47.93,3.64,0.00,0.00
1,48.10,3.64,359.58,0.00
1,48.14,3.64,356.13,0.00
1,48.15,3.64,354.22,0.00
1,48.19,3.64,350.06,0.00
1,48.20,3.64,348.07,0.00
1,48.24,3.64,344.00,0.00
1,48.25,3.64,341.86,0.00
1,48.29,3.64,337.86,0.00
1,48.30,3.64,335.78,0.00
1,48.34,3.64,331.72,0.00
1,48.35,3.64,329.65,0.00
1,48.39,3.64,325.51,0.00
1,48.40,3.64,323.52,0.00
1,48.44,3.64,319.44,0.00
1,48.45,3.64,317.34,0.00
1,48.49,3.64,313.34,0.00
1,48.50,3.64,311.53,0.00
1,48.53,3.64,307.45,0.00
1,48.55,3.64,305.39,0.00
1,48.59,3.64,301.24,0.00
1,48.60,3.64,299.25,0.00
1,48.63,3.64,295.16,0.00
1,48.65,3.64,293.05,0.00
1,48.68,3.64,289.05,0.00
1,48.70,3.64,287.00,0.00
1,48.74,3.64,282.84,0.00
1,48.75,3.64,280.88,0.00
1,48.79,3.64,276.73,0.00
1,48.80,3.64,274.75,0.00
1,48.83,3.64,270.69,0.00
1,48.85,3.64,268.56,0.00
1,48.89,3.64,264.47,0.00
1,48.90,3.64,262.72,0.00
3,49.07,[EndPoint]PointAngle:(3.6, 262.7, 0.0),PointDir:(-1.0, -0.1, -0.1)
1,49.41,3.64,264.01,0.00
1,49.43,3.64,265.24,0.00
1,49.46,3.64,268.24,0.00
1,49.48,3.64,269.85,0.00
1,49.52,3.64,273.52,0.00
1,49.53,3.64,275.48,0.00
1,49.56,3.64,279.52,0.00
1,49.58,3.64,281.81,0.00
1,49.61,3.64,285.64,0.00
1,49.63,3.64,287.73,0.00
1,49.66,3.64,291.77,0.00
1,49.68,3.64,293.85,0.00
1,49.72,3.64,298.01,0.00
1,49.73,3.64,299.85,0.00
1,49.76,3.64,301.64,0.00
1,59.96,3.69,303.17,0.00
1,59.98,3.75,304.81,0.00
1,60.01,4.11,308.59,0.00
1,60.03,4.38,310.61,0.00
1,60.06,5.05,314.64,0.00
1,60.08,5.47,316.69,0.00
1,60.11,6.72,320.61,0.00
1,60.13,7.70,322.48,0.00
1,60.16,10.35,325.12,0.00
1,60.18,11.97,325.33,0.00
1,60.21,15.27,325.33,0.00
1,60.23,17.09,325.02,0.00
1,60.26,20.75,323.42,0.00
1,60.28,22.64,322.33,0.00
1,60.31,26.22,320.13,0.00
1,60.33,28.01,318.98,0.00
1,60.36,31.48,316.67,0.00
1,60.38,33.21,315.47,0.00
1,60.41,36.73,313.03,0.00
1,60.43,38.38,311.86,0.00
1,60.46,41.83,309.36,0.00
1,60.48,43.46,308.16,0.00
1,60.51,46.93,305.62,0.00
1,60.53,48.55,304.44,0.00
1,60.56,51.95,301.94,0.00
1,60.58,53.64,300.71,0.00
1,60.61,57.12,298.16,0.00
1,60.63,58.77,296.95,0.00
1,60.66,60.00,294.37,0.00
1,60.68,60.00,293.14,0.00
1,60.71,60.00,290.51,0.00
1,60.73,60.00,289.27,0.00
1,60.76,60.00,286.64,0.00
1,60.78,60.00,285.29,0.00
1,60.81,60.00,282.72,0.00
1,60.83,60.00,281.42,0.00
1,60.86,60.00,278.73,0.00
1,60.88,60.00,277.36,0.00
1,60.91,60.00,274.61,0.00
1,60.93,60.00,273.28,0.00
1,60.97,60.00,271.52,0.00
1,61.01,59.61,270.89,0.00
1,61.03,58.92,270.89,0.00
1,61.06,56.38,270.89,0.00
1,61.08,54.61,271.00,0.00
1,61.11,50.80,271.63,0.00
1,61.13,48.77,272.04,0.00
1,61.16,44.78,272.97,0.00
1,61.18,42.75,273.51,0.00
1,61.21,38.83,274.55,0.00
1,61.23,36.85,275.07,0.00
1,61.26,32.90,276.17,0.00
1,61.28,30.89,276.73,0.00
1,61.31,26.97,277.82,0.00
1,61.33,24.97,278.38,0.00
1,61.36,21.17,279.32,0.00
1,61.38,19.46,279.49,0.00
1,61.41,16.74,279.49,0.00
1,61.43,15.46,279.49,0.00
1,61.46,13.51,279.49,0.00
1,61.48,12.87,279.49,0.00
1,61.73,12.87,278.41,0.00
1,61.76,12.30,274.34,0.00
1,61.78,12.02,272.36,0.00
1,61.81,11.56,268.22,0.00
1,61.83,11.45,266.24,0.00
1,61.86,11.45,262.11,0.00
1,61.88,11.45,260.15,0.00
1,61.91,11.40,256.94,0.00
3,62.03,[TopDown]Player:(630.2, 834.6),Target:(762.8, 547.1)
1,62.43,11.40,257.78,0.00
1,62.46,11.40,260.65,0.00
1,62.48,11.40,262.73,0.00
1,62.51,11.40,266.79,0.00
1,62.53,11.46,268.85,0.00
1,62.56,11.93,272.96,0.00
1,62.58,12.26,274.98,0.00
1,62.61,12.96,279.04,0.00
1,62.63,13.37,281.09,0.00
1,62.66,14.18,285.14,0.00
1,62.68,14.59,287.22,0.00
1,62.71,15.39,291.26,0.00
1,62.73,15.81,293.34,0.00
1,62.76,16.63,297.44,0.00
1,62.78,17.04,299.46,0.00
1,62.81,17.86,303.51,0.00
1,62.83,18.28,305.59,0.00
1,62.86,19.10,309.62,0.00
1,62.88,19.52,311.70,0.00
1,62.91,20.35,315.75,0.00
1,62.93,20.77,317.83,0.00
1,62.96,21.52,321.94,0.00
1,62.98,21.86,323.96,0.00
1,63.01,22.33,328.12,0.00
1,63.03,22.39,330.10,0.00
1,63.06,22.39,332.16,0.00
3,63.20,[TopDown]Player:(941.4, 870.8),Target:(560.6, 1059.1)
1,63.53,21.31,330.29,0.00
1,63.56,19.22,326.98,0.00
1,63.58,18.13,325.26,0.00
1,63.61,15.95,321.94,0.00
1,63.63,14.70,320.30,0.00
1,63.66,12.19,317.06,0.00
1,63.68,10.90,315.43,0.00
1,63.71,8.41,312.29,0.00
1,63.73,7.12,310.69,0.00
1,63.76,4.60,307.59,0.00
1,63.78,3.31,306.02,0.00
1,63.81,0.78,302.99,0.00
1,63.83,359.48,301.49,0.00
1,63.86,356.83,298.55,0.00
1,63.88,355.48,297.04,0.00
1,63.91,352.85,294.11,0.00
1,63.93,351.50,292.61,0.00
1,63.97,348.87,289.68,0.00
1,63.98,347.52,288.18,0.00
1,64.01,344.90,285.26,0.00
1,64.03,343.55,283.76,0.00
1,64.06,340.92,280.83,0.00
1,64.08,339.57,279.32,0.00
1,64.11,336.94,276.39,0.00
1,64.13,335.59,274.90,0.00
1,64.17,332.71,272.09,0.00
1,64.18,331.21,271.32,0.00
3,64.32,[TopDown]Player:(588.3, 971.6),Target:(559.8, 666.0)
1,64.67,331.21,271.92,0.00
1,64.68,331.21,273.02,0.00
1,64.72,331.21,276.96,0.00
1,64.73,331.21,279.04,0.00
1,64.77,331.89,283.07,0.00
1,64.78,332.38,285.17,0.00
1,64.82,333.34,289.22,0.00
1,64.83,333.82,291.22,0.00
1,64.87,334.80,295.32,0.00
1,64.88,335.30,297.41,0.00
1,64.92,336.27,301.45,0.00
1,64.93,336.76,303.52,0.00
1,64.97,337.73,307.55,0.00
1,64.98,338.23,309.65,0.00
1,65.02,339.20,313.71,0.00
1,65.03,339.68,315.73,0.00
1,65.07,340.66,319.81,0.00
1,65.08,341.16,321.90,0.00
1,65.12,341.56,325.05,0.00
3,65.22,[TopDown]Player:(885.7, 871.8),Target:(980.0, 836.6)
1,65.43,341.97,323.68,0.00
1,65.47,343.94,320.22,0.00
1,65.48,345.03,318.43,0.00
1,65.52,347.14,314.97,0.00
1,65.53,348.22,313.19,0.00
1,65.57,350.40,309.67,0.00
1,65.58,351.49,307.93,0.00
1,65.60,352.62,306.13,0.00
1,65.63,354.80,302.64,0.00
1,65.67,357.01,299.11,0.00
1,65.68,358.07,297.42,0.00
1,65.72,0.30,293.86,0.00
1,65.73,1.36,292.18,0.00
1,65.77,3.56,288.65,0.00
1,65.78,4.64,286.93,0.00
1,65.82,6.88,283.35,0.00
1,65.83,7.95,281.64,0.00
1,65.87,10.16,278.11,0.00
1,65.88,11.22,276.42,0.00
1,65.92,13.46,272.84,0.00
1,65.93,14.51,271.17,0.00
1,65.97,16.72,267.64,0.00
1,65.98,17.79,265.92,0.00
1,66.02,20.03,262.35,0.00
1,66.03,21.12,260.61,0.00
1,66.07,23.34,257.10,0.00
1,66.08,24.47,255.31,0.00
1,66.10,25.54,253.62,0.00
1,66.13,27.78,250.06,0.00
1,66.17,29.98,246.57,0.00
1,66.18,31.10,244.80,0.00
1,66.22,33.29,241.33,0.00
1,66.23,34.38,239.60,0.00
1,66.27,36.59,236.09,0.00
1,66.28,37.70,234.30,0.00
1,66.30,38.66,232.59,0.00
1,66.33,39.28,229.49,0.00
3,66.43,[TopDown]Player:(498.2, 795.0),Target:(838.5, 1261.1)
1,66.83,38.51,229.49,0.00
1,66.85,37.64,229.26,0.00
1,66.88,34.53,227.98,0.00
1,66.90,32.72,227.17,0.00
1,66.93,29.11,225.56,0.00
1,66.95,27.27,224.74,0.00
1,66.98,23.68,223.14,0.00
1,67.00,21.83,222.31,0.00
1,67.03,18.22,220.70,0.00
1,67.05,16.39,219.89,0.00
1,67.08,12.81,218.29,0.00
1,67.10,10.98,217.47,0.00
1,67.13,7.38,215.87,0.00
1,67.15,5.54,215.05,0.00
1,67.18,1.96,213.45,0.00
1,67.20,0.11,212.62,0.00
1,67.23,356.48,211.01,0.00
1,67.25,354.67,210.20,0.00
1,67.28,351.09,208.60,0.00
1,67.30,349.23,207.78,0.00
1,67.34,345.55,206.13,0.00
1,67.35,343.81,205.36,0.00
1,67.38,340.21,203.75,0.00
1,67.40,338.38,202.94,0.00
1,67.43,334.74,201.31,0.00
1,67.45,332.94,200.51,0.00
1,67.49,329.23,198.89,0.00
1,67.50,327.37,198.15,0.00
1,67.54,323.30,197.15,0.00
1,67.55,321.34,196.95,0.00
1,67.59,317.17,196.95,0.00
1,67.60,315.21,196.95,0.00
1,67.63,311.08,196.95,0.00
1,67.65,309.09,196.95,0.00
1,67.69,304.93,197.24,0.00
1,67.70,302.95,197.48,0.00
1,67.74,300.00,198.13,0.00
1,67.79,300.00,199.78,0.00
1,67.80,300.00,200.44,0.00
1,67.83,300.00,201.72,0.00
1,67.85,300.00,202.38,0.00
1,67.89,300.00,203.71,0.00
1,67.90,300.00,204.41,0.00
1,67.94,300.00,205.94,0.00
1,67.95,300.00,206.78,0.00
1,67.99,300.00,208.46,0.00
1,68.00,300.00,209.36,0.00
1,68.04,300.00,211.19,0.00
1,68.05,300.00,212.15,0.00
1,68.09,300.00,214.10,0.00
1,68.10,300.00,215.13,0.00
1,68.14,300.00,217.18,0.00
1,68.15,300.00,218.25,0.00
1,68.19,300.00,220.33,0.00
3,68.60,[TopDown]Player:(722.4, 1128.3),Target:(611.5, 189.1)
2,69.90,Column
