3,0.00,PNumber:999,Gender:,Age:
0,0.02,583.45,33.14,659.41
1,0.02,0.00,278.56,0.00
4,28.46,980.04,30.91,836.62,0.00,0.00,0.00
3,28.46,[StartPoint]PlayerPos:(980.0, 30.9, 836.6),TargetName:Well,TargetPos:(560.6, 30.8, 1059.1)
0,28.46,980.04,30.91,836.62
1,28.46,0.00,0.00,0.00
1,31.00,0.00,1.04,0.00
1,31.04,0.00,3.39,0.00
1,31.05,0.00,4.92,0.00
1,31.08,0.00,8.95,0.00
1,31.10,0.00,10.92,0.00
1,31.13,0.00,15.06,0.00
1,31.15,0.00,17.15,0.00
1,31.18,0.00,21.17,0.00
1,31.20,0.00,23.27,0.00
1,31.23,0.00,27.29,0.00
1,31.25,0.00,29.36,0.00
1,31.28,0.00,33.40,0.00
1,31.30,0.00,35.49,0.00
1,31.33,0.00,39.52,0.00
1,31.35,0.00,41.61,0.00
1,31.38,0.00,45.64,0.00
1,31.40,359.89,47.77,0.00
1,31.43,359.43,51.76,0.00
1,31.45,359.04,53.48,0.00
1,31.48,358.03,56.17,0.00
1,31.50,357.52,57.02,0.00
1,31.53,356.64,57.96,0.00
1,31.58,355.53,58.36,0.00
1,31.63,354.73,58.36,0.00
1,32.10,354.29,57.64,0.00
1,32.14,354.29,55.67,0.00
1,32.15,354.31,54.31,0.00
1,32.19,354.68,50.67,0.00
1,32.20,354.95,48.76,0.00
1,32.24,355.63,44.59,0.00
1,32.25,355.94,42.65,0.00
1,32.29,356.62,38.48,0.00
1,32.30,356.94,36.52,0.00
1,32.34,357.62,32.35,0.00
1,32.35,357.94,30.39,0.00
1,32.39,358.61,26.23,0.00
1,32.40,358.93,24.26,0.00
1,32.44,359.61,20.09,0.00
1,32.45,359.95,18.02,0.00
1,32.49,0.61,13.97,0.00
1,32.50,0.93,12.01,0.00
1,32.54,1.61,7.84,0.00
1,32.55,1.94,5.76,0.00
1,32.59,2.58,1.72,0.00
1,32.60,2.87,359.60,0.00
1,32.64,3.27,355.49,0.00
1,32.65,3.39,353.46,0.00
1,32.69,3.53,349.30,0.00
1,32.70,3.58,347.26,0.00
1,32.74,3.58,343.37,0.00
1,32.75,3.58,341.13,0.00
1,32.79,3.58,336.94,0.00
1,32.80,3.58,335.13,0.00
1,32.84,3.58,330.83,0.00
1,32.85,3.58,328.87,0.00
1,32.89,3.58,324.91,0.00
1,32.90,3.58,323.41,0.00
1,32.94,3.58,322.78,0.00
1,33.65,2.58,322.77,0.00
1,33.69,0.70,322.77,0.00
1,33.70,359.60,322.77,0.00
1,33.74,357.24,322.77,0.00
1,33.75,355.97,322.77,0.00
1,33.79,353.39,322.77,0.00
1,33.80,352.13,322.77,0.00
1,33.83,350.45,322.77,0.00
1,33.86,348.46,322.77,0.00
1,33.88,347.79,322.77,0.00
1,34.09,347.79,321.31,0.00
1,34.11,347.79,320.30,0.00
1,34.14,347.81,317.41,0.00
1,34.16,347.86,315.76,0.00
1,34.19,348.29,311.93,0.00
1,34.21,348.61,310.00,0.00
1,34.24,349.31,306.35,0.00
1,34.25,349.72,304.36,0.00
1,34.29,350.61,300.49,0.00
1,34.30,351.10,298.74,0.00
1,34.34,351.22,296.80,0.00
1,34.39,351.22,295.48,0.00
1,34.44,351.24,294.48,0.00
1,34.49,351.40,293.73,0.00
1,34.54,351.78,293.07,0.00
1,34.59,352.64,292.32,0.00
1,34.60,353.08,292.00,0.00
1,34.64,354.05,291.23,0.00
1,34.65,354.57,290.79,0.00
1,34.69,355.54,289.95,0.00
1,34.70,356.04,289.51,0.00
1,34.74,357.07,288.63,0.00
1,34.75,357.58,288.20,0.00
1,34.79,358.65,287.29,0.00
1,34.80,359.13,286.86,0.00
1,34.84,0.11,285.96,0.00
1,34.85,0.61,285.46,0.00
1,34.89,1.19,284.40,0.00
1,34.90,1.22,283.86,0.00
1,34.94,1.22,282.83,0.00
1,34.95,1.22,282.32,0.00
1,34.99,1.22,281.26,0.00
1,35.00,1.22,280.74,0.00
1,35.04,1.22,279.71,0.00
1,35.06,1.22,279.17,0.00
1,35.09,1.22,278.14,0.00
1,35.11,1.22,277.55,0.00
1,35.14,1.22,276.36,0.00
1,35.16,1.22,275.75,0.00
1,35.19,1.22,274.47,0.00
1,35.21,1.22,273.82,0.00
1,35.24,1.22,272.51,0.00
1,35.26,1.22,271.83,0.00
1,35.29,1.22,270.81,0.00
1,35.99,1.22,269.02,0.00
1,36.01,1.22,267.89,0.00
1,36.04,1.22,265.13,0.00
1,36.06,1.22,263.46,0.00
1,36.09,1.22,260.16,0.00
1,36.11,1.22,258.29,0.00
1,36.14,1.22,254.40,0.00
1,36.16,1.22,252.44,0.00
1,36.19,1.22,248.49,0.00
1,36.21,1.22,246.57,0.00
1,36.24,1.22,242.66,0.00
1,36.26,1.22,240.67,0.00
1,36.29,1.22,236.82,0.00
1,36.31,1.22,234.84,0.00
1,36.34,1.22,230.83,0.00
1,36.36,1.22,228.79,0.00
1,36.39,1.22,224.66,0.00
1,36.41,1.22,222.64,0.00
1,36.44,1.22,218.57,0.00
1,36.46,1.22,216.47,0.00
1,36.49,1.22,212.44,0.00
1,36.51,1.22,210.37,0.00
1,36.54,1.22,206.31,0.00
1,36.56,1.22,204.26,0.00
1,36.59,1.22,200.22,0.00
1,36.61,1.22,199.13,0.00
1,37.38,1.22,200.67,0.00
1,37.41,1.22,202.87,0.00
1,37.43,1.21,204.26,0.00
1,37.46,1.15,207.53,0.00
1,37.48,1.06,209.41,0.00
1,37.51,0.84,213.39,0.00
1,37.54,0.63,217.15,0.00
1,37.56,0.52,219.14,0.00
1,37.59,0.30,223.21,0.00
1,37.61,0.19,225.15,0.00
1,37.64,359.97,229.16,0.00
1,37.66,359.86,231.20,0.00
1,37.69,359.63,235.16,0.00
1,37.71,359.51,237.15,0.00
1,37.74,359.27,241.16,0.00
1,37.76,359.15,243.16,0.00
1,37.79,358.91,247.21,0.00
1,37.81,358.83,249.14,0.00
1,37.84,358.83,253.20,0.00
1,37.86,358.83,255.28,0.00
1,37.89,358.83,259.26,0.00
1,37.91,358.83,261.31,0.00
1,37.94,358.83,265.39,0.00
1,37.96,358.83,267.43,0.00
1,37.99,358.83,271.57,0.00
1,38.01,358.83,273.54,0.00
1,38.04,358.83,277.64,0.00
1,38.06,358.83,279.72,0.00
1,38.09,358.83,283.73,0.00
1,38.11,358.83,285.78,0.00
1,38.14,358.83,289.85,0.00
1,38.16,358.83,291.87,0.00
1,38.19,358.83,296.02,0.00
1,38.21,358.83,298.02,0.00
1,38.24,358.83,302.06,0.00
1,38.26,358.83,304.15,0.00
1,38.29,358.83,308.15,0.00
1,38.31,358.83,310.21,0.00
1,38.34,358.83,314.27,0.00
1,38.36,358.83,316.33,0.00
1,38.39,358.83,320.46,0.00
1,38.41,358.83,322.44,0.00
1,38.44,358.83,325.81,0.00
1,38.46,358.83,326.57,0.00
1,39.09,358.83,325.87,0.00
1,39.11,358.83,324.85,0.00
1,39.14,358.83,322.09,0.00
1,39.16,358.83,320.60,0.00
1,39.18,358.83,319.01,0.00
1,39.21,358.83,315.99,0.00
1,39.23,358.83,315.11,0.00
1,39.64,358.86,315.71,0.00
1,39.66,358.92,316.37,0.00
1,39.69,359.14,318.03,0.00
1,39.71,359.34,319.10,0.00
1,39.74,359.89,321.44,0.00
1,39.76,0.17,322.65,0.00
1,39.79,0.69,324.90,0.00
1,39.81,1.02,326.31,0.00
1,39.84,1.58,328.74,0.00
1,39.86,1.82,329.93,0.00
1,39.89,2.01,332.21,0.00
1,39.91,2.08,333.27,0.00
1,39.94,2.19,335.35,0.00
1,39.96,2.19,336.18,0.00
1,39.99,2.19,336.68,0.00
1,40.14,0.86,336.44,0.00
1,40.16,0.23,336.31,0.00
1,40.19,358.86,336.03,0.00
1,40.21,358.25,335.91,0.00
1,40.81,359.25,336.28,0.00
1,40.84,0.35,336.74,0.00
1,40.86,0.93,336.98,0.00
1,41.23,0.31,337.55,0.00
1,41.26,359.14,338.02,0.00
1,41.28,358.52,338.30,0.00
1,41.31,357.54,338.90,0.00
1,41.56,357.35,337.82,0.00
1,41.58,357.35,336.60,0.00
1,41.61,357.35,332.70,0.00
1,41.63,357.35,330.75,0.00
1,41.66,357.35,326.62,0.00
1,41.69,357.35,322.62,0.00
1,41.71,357.35,320.56,0.00
1,41.73,357.35,317.66,0.00
1,41.76,357.35,315.60,0.00
1,43.36,357.35,315.03,0.00
1,43.38,357.35,314.25,0.00
1,43.41,357.35,311.36,0.00
1,43.43,357.35,309.63,0.00
1,43.46,357.35,305.97,0.00
1,43.48,357.35,304.22,0.00
1,43.51,357.35,301.79,0.00
1,43.96,357.35,300.64,0.00
1,43.98,357.35,299.90,0.00
1,44.01,357.35,298.40,0.00
1,44.03,357.35,297.66,0.00
1,44.06,357.35,296.13,0.00
1,44.08,357.35,295.40,0.00
1,44.11,357.35,294.26,0.00
1,45.01,357.35,292.74,0.00
1,45.03,357.35,291.94,0.00
1,45.06,357.28,290.20,0.00
1,45.08,357.21,289.35,0.00
1,45.11,357.07,287.60,0.00
1,45.13,357.00,286.70,0.00
1,45.16,356.93,284.99,0.00
1,45.18,356.93,284.27,0.00
1,46.38,356.93,285.03,0.00
1,46.41,356.93,286.22,0.00
1,46.43,356.93,286.88,0.00
1,46.46,356.93,288.73,0.00
1,46.48,356.93,289.80,0.00
1,46.51,356.93,292.35,0.00
1,46.53,356.93,293.80,0.00
1,46.56,356.93,296.65,0.00
1,46.58,356.93,298.13,0.00
1,46.61,356.93,301.07,0.00
1,46.63,356.93,302.46,0.00
1,46.66,356.93,303.44,0.00
1,46.88,356.93,304.14,0.00
1,46.91,357.01,305.25,0.00
1,46.93,357.07,305.90,0.00
1,46.96,357.17,307.16,0.00
1,46.98,357.22,307.82,0.00
1,47.01,357.33,309.08,0.00
1,47.03,357.33,309.70,0.00
1,47.41,357.33,310.50,0.00
1,47.46,357.42,311.49,0.00
1,47.51,357.60,312.76,0.00
1,47.56,357.72,313.86,0.00
1,47.66,357.72,314.44,0.00
1,47.71,358.34,315.74,0.00
1,47.73,358.71,316.41,0.00
1,47.76,359.50,317.70,0.00
1,47.78,359.84,318.36,0.00
1,47.81,359.99,319.36,0.00
1,48.03,359.99,320.21,0.00
1,48.06,359.99,321.92,0.00
1,48.08,359.99,322.75,0.00
1,48.11,359.99,324.79,0.00
1,48.13,359.99,325.86,0.00
1,48.16,359.99,327.90,0.00
1,48.18,359.99,328.93,0.00
1,48.21,359.99,331.22,0.00
1,48.23,359.99,332.25,0.00
1,48.26,359.99,334.32,0.00
1,48.28,359.99,335.32,0.00
1,48.31,359.99,337.41,0.00
1,48.33,359.99,338.39,0.00
1,48.36,359.99,339.00,0.00
1,48.68,359.99,338.27,0.00
1,48.71,359.99,337.74,0.00
1,48.76,359.99,336.92,0.00
1,48.81,359.99,336.09,0.00
1,48.86,359.99,335.26,0.00
1,48.91,359.99,334.44,0.00
1,48.96,359.81,333.67,0.00
1,49.01,359.06,333.18,0.00
1,49.06,358.25,332.79,0.00
1,49.11,357.55,332.70,0.00
1,49.41,358.65,332.87,0.00
1,49.77,358.88,333.32,0.00
1,49.82,358.88,333.86,0.00
1,49.87,358.88,335.39,0.00
1,49.88,358.90,336.01,0.00
1,49.91,358.94,337.29,0.00
1,49.93,358.96,337.95,0.00
1,49.97,358.96,338.53,0.00
3,50.27,[EndPoint]PointAngle:(359.0, 338.5, 0.0),PointDir:(-0.4, 0.0, 0.9)
4,50.27,560.65,30.84,1059.12,0.00,0.00,0.00
3,50.27,[StartPoint]PlayerPos:(560.6, 30.8, 1059.1),TargetName:Column,TargetPos:(611.5, 40.6, 189.1)
0,50.27,560.65,30.84,1059.12
1,50.27,358.96,0.00,0.00
1,50.88,358.96,359.88,0.00
1,50.92,358.96,359.22,0.00
1,50.97,358.96,358.20,0.00
1,51.02,358.96,357.18,0.00
1,51.07,358.96,356.16,0.00
1,51.12,358.96,355.14,0.00
1,51.17,358.96,354.38,0.00
1,51.93,358.96,353.81,0.00
1,51.97,358.96,352.28,0.00
1,51.98,358.96,351.17,0.00
1,52.02,358.96,348.40,0.00
1,52.03,358.96,346.80,0.00
1,52.07,358.96,342.87,0.00
1,52.08,358.96,340.86,0.00
1,52.12,358.96,336.69,0.00
1,52.13,358.96,334.67,0.00
1,52.17,358.96,330.57,0.00
1,52.18,358.96,328.59,0.00
1,52.22,358.96,324.44,0.00
1,52.23,358.96,322.48,0.00
1,52.27,358.96,318.31,0.00
1,52.28,358.96,316.31,0.00
1,52.32,358.96,312.24,0.00
1,52.33,358.96,310.11,0.00
1,52.35,358.96,308.01,0.00
1,52.38,358.96,304.11,0.00
1,52.40,358.96,301.93,0.00
1,52.43,358.96,297.84,0.00
1,52.47,358.96,292.87,0.00
1,52.49,358.96,290.82,0.00
1,52.51,358.96,288.90,0.00
1,52.53,358.96,285.48,0.00
1,52.55,358.96,283.46,0.00
1,52.59,358.71,280.11,0.00
1,52.84,358.41,281.06,0.00
1,52.85,358.41,281.65,0.00
1,52.89,358.41,282.92,0.00
1,53.09,358.41,283.67,0.00
1,53.10,358.41,284.76,0.00
1,53.14,358.41,288.01,0.00
1,53.15,358.41,290.09,0.00
1,53.19,358.41,294.12,0.00
1,53.20,358.41,296.16,0.00
1,53.23,358.41,299.75,0.00
1,53.27,358.41,303.80,0.00
1,53.28,358.41,305.86,0.00
1,53.32,358.41,309.90,0.00
1,53.33,358.41,312.20,0.00
1,53.35,358.41,314.24,0.00
1,53.38,358.41,318.21,0.00
1,53.40,358.41,320.36,0.00
1,53.43,358.41,324.51,0.00
1,53.47,358.41,328.52,0.00
1,53.48,358.41,330.50,0.00
1,53.50,358.41,332.58,0.00
1,53.53,358.41,336.69,0.00
1,53.55,358.41,338.71,0.00
1,53.58,358.41,342.74,0.00
1,53.60,358.41,344.85,0.00
1,53.63,358.41,347.48,0.00
1,53.83,358.41,349.15,0.00
1,53.85,358.41,350.16,0.00
1,53.88,358.41,352.44,0.00
1,53.90,358.41,353.50,0.00
1,53.93,358.41,354.43,0.00
1,53.98,358.41,353.46,0.00
1,54.00,358.41,351.78,0.00
1,54.03,358.41,347.66,0.00
1,54.05,358.41,345.71,0.00
1,54.08,358.41,341.53,0.00
1,54.10,358.41,339.59,0.00
1,54.13,358.41,335.43,0.00
1,54.15,358.41,333.45,0.00
1,54.18,358.41,329.28,0.00
1,54.20,358.41,327.24,0.00
1,54.23,358.41,323.24,0.00
1,54.25,358.41,321.06,0.00
1,54.28,358.41,317.08,0.00
1,54.30,358.41,315.06,0.00
1,54.33,358.41,310.88,0.00
1,54.35,358.41,308.81,0.00
1,54.38,358.41,304.83,0.00
1,54.40,358.41,302.70,0.00
1,54.43,358.41,298.70,0.00
1,54.45,358.41,296.65,0.00
1,54.48,358.41,293.62,0.00
1,54.50,358.41,290.15,0.00
1,54.54,358.41,286.12,0.00
1,54.55,358.41,284.02,0.00
1,54.59,358.41,279.97,0.00
1,54.60,358.41,277.93,0.00
1,54.64,358.41,273.80,0.00
1,54.65,358.41,271.70,0.00
1,54.69,358.41,267.67,0.00
1,54.70,358.41,265.58,0.00
1,54.74,358.41,261.51,0.00
1,54.75,358.41,259.48,0.00
1,54.79,358.41,255.47,0.00
1,54.80,358.06,254.69,0.00
3,55.02,[EndPoint]PointAngle:(358.1, 254.7, 0.0),PointDir:(-1.0, 0.0, -0.3)
4,55.02,611.49,40.56,189.14,0.00,0.00,0.00
3,55.02,[StartPoint]PlayerPos:(611.5, 40.6, 189.1),TargetName:Truck,TargetPos:(838.5, 30.7, 1261.1)
0,55.04,611.49,40.56,189.14
1,55.04,358.06,0.00,0.00
1,55.55,358.06,0.54,0.00
1,55.59,358.06,2.90,0.00
1,55.60,358.06,4.54,0.00
1,55.64,358.06,8.38,0.00
1,55.66,358.06,10.57,0.00
1,55.69,358.06,14.62,0.00
1,55.71,358.06,16.71,0.00
1,55.74,358.06,20.71,0.00
1,55.76,358.06,22.82,0.00
1,55.78,358.06,26.41,0.00
1,55.80,358.06,28.45,0.00
1,55.83,358.06,32.55,0.00
1,55.85,358.06,34.47,0.00
1,55.88,358.06,37.00,0.00
1,56.69,358.84,37.21,0.00
1,56.74,0.04,37.21,0.00
1,56.79,1.51,37.21,0.00
1,56.80,2.03,37.21,0.00
1,56.84,3.00,37.21,0.00
1,56.89,4.31,37.21,0.00
1,57.09,4.31,36.51,0.00
1,57.10,4.31,35.74,0.00
1,57.14,4.31,33.90,0.00
1,57.15,4.31,32.92,0.00
1,57.19,4.31,30.88,0.00
1,57.20,4.31,30.02,0.00
1,57.49,3.47,29.71,0.00
1,57.50,2.73,29.71,0.00
1,57.54,0.99,29.56,0.00
1,57.55,0.14,29.48,0.00
1,57.59,358.63,29.31,0.00
1,57.84,358.36,28.46,0.00
1,57.89,358.36,27.55,0.00
1,57.94,358.36,26.63,0.00
1,57.99,358.36,25.70,0.00
1,58.04,358.36,24.78,0.00
1,58.09,358.36,23.86,0.00
1,58.13,358.36,23.13,0.00
1,58.19,358.73,22.14,0.00
1,58.24,0.09,22.02,0.00
1,58.26,0.62,22.02,0.00
1,58.29,1.88,22.02,0.00
1,58.31,2.55,22.16,0.00
1,58.34,3.67,23.05,0.00
1,58.36,4.07,23.72,0.00
1,58.39,4.35,24.90,0.00
1,58.64,4.02,25.35,0.00
1,58.66,3.34,25.98,0.00
1,58.69,1.94,27.23,0.00
1,58.71,1.22,27.87,0.00
1,58.74,359.85,28.79,0.00
1,58.79,359.28,28.84,0.00
1,59.41,359.92,28.84,0.00
1,59.44,0.87,28.84,0.00
1,59.49,2.33,28.84,0.00
3,59.91,[EndPoint]PointAngle:(2.4, 28.8, 0.0),PointDir:(0.5, 0.0, 0.9)
4,59.91,838.48,30.73,1261.14,0.00,0.00,0.00
3,59.91,[StartPoint]PlayerPos:(838.5, 30.7, 1261.1),TargetName:Home,TargetPos:(559.8, 33.6, 666.0)
0,59.91,838.48,30.73,1261.14
1,59.91,2.38,0.00,0.00
1,60.40,2.38,0.61,0.00
1,60.44,2.38,3.69,0.00
1,60.46,2.38,5.65,0.00
1,60.49,2.38,9.83,0.00
1,60.51,2.38,11.78,0.00
1,60.54,2.38,15.95,0.00
1,60.56,2.38,17.90,0.00
1,60.59,2.38,22.07,0.00
1,60.61,2.38,24.12,0.00
1,60.64,2.38,28.22,0.00
1,60.66,2.38,30.16,0.00
1,60.69,2.21,34.33,0.00
1,60.71,1.89,36.27,0.00
1,60.74,0.93,39.45,0.00
1,60.76,0.29,40.79,0.00
1,60.79,358.93,43.27,0.00
1,60.81,358.21,44.50,0.00
1,60.84,356.69,46.79,0.00
1,60.86,355.89,47.98,0.00
1,60.89,354.28,50.38,0.00
1,60.91,353.57,51.51,0.00
1,60.94,352.09,53.89,0.00
1,60.96,351.63,54.96,0.00
1,60.99,351.45,55.89,0.00
1,61.26,351.45,56.60,0.00
1,61.29,351.78,58.68,0.00
1,61.31,352.21,60.17,0.00
1,61.34,353.23,63.86,0.00
1,61.36,353.74,65.78,0.00
1,61.39,354.76,69.59,0.00
1,61.41,355.28,71.55,0.00
1,61.44,355.82,74.89,0.00
1,61.46,355.82,75.52,0.00
1,61.61,355.85,77.00,0.00
1,61.64,356.01,80.15,0.00
1,61.66,356.23,82.19,0.00
1,61.69,356.81,86.40,0.00
1,61.71,357.08,88.29,0.00
1,61.74,357.67,92.43,0.00
1,61.76,357.96,94.41,0.00
1,61.79,358.55,98.58,0.00
1,61.81,358.74,100.30,0.00
1,61.84,358.74,101.30,0.00
1,62.04,359.05,103.63,0.00
1,62.06,359.38,105.05,0.00
1,62.09,0.25,108.82,0.00
1,62.11,0.68,110.77,0.00
1,62.14,1.57,114.79,0.00
1,62.16,1.99,116.70,0.00
1,62.19,2.62,120.47,0.00
1,62.21,2.62,121.10,0.00
1,62.39,2.62,122.26,0.00
1,62.41,2.62,123.59,0.00
1,62.44,2.62,127.07,0.00
1,62.46,2.62,129.17,0.00
1,62.48,2.62,131.28,0.00
1,62.51,2.62,135.29,0.00
1,62.53,2.62,137.36,0.00
1,62.56,2.62,141.38,0.00
1,62.59,2.62,145.48,0.00
1,62.61,2.62,147.60,0.00
1,62.64,2.62,151.61,0.00
1,62.66,2.62,153.64,0.00
1,62.68,2.62,155.78,0.00
1,62.71,2.62,159.76,0.00
1,62.74,2.62,163.97,0.00
1,62.76,2.62,165.94,0.00
1,62.79,2.62,170.00,0.00
1,62.82,2.62,173.07,0.00
1,62.83,2.62,174.92,0.00
1,62.86,2.62,178.22,0.00
1,62.88,2.62,180.35,0.00
1,62.91,2.62,184.38,0.00
1,62.93,2.62,186.19,0.00
1,62.96,2.62,187.79,0.00
1,63.16,2.62,189.59,0.00
1,63.18,2.62,190.78,0.00
1,63.21,2.62,193.89,0.00
1,63.23,2.62,195.50,0.00
1,63.26,2.62,198.82,0.00
1,63.28,2.62,200.31,0.00
1,63.31,2.62,200.95,0.00
1,63.51,2.62,200.33,0.00
1,63.53,2.40,199.43,0.00
1,63.56,1.31,195.90,0.00
1,63.58,0.68,193.96,0.00
1,63.61,359.39,190.03,0.00
1,63.63,358.77,188.15,0.00
1,63.66,357.49,184.26,0.00
1,63.68,356.84,182.27,0.00
1,63.71,355.63,178.46,0.00
1,63.73,355.29,176.56,0.00
1,63.76,354.85,174.81,0.00
1,63.93,355.59,175.89,0.00
1,63.96,356.56,178.71,0.00
1,63.98,357.06,180.32,0.00
1,64.01,358.27,183.77,0.00
1,64.03,358.91,185.43,0.00
1,64.06,0.09,188.86,0.00
1,64.08,0.51,190.30,0.00
1,64.11,0.56,190.95,0.00
1,64.23,0.56,191.68,0.00
1,64.26,0.56,194.58,0.00
1,64.28,0.56,196.69,0.00
1,64.31,0.56,200.72,0.00
1,64.33,0.56,202.75,0.00
1,64.36,0.56,205.37,0.00
1,64.63,359.95,204.30,0.00
1,64.66,359.02,202.72,0.00
1,64.68,358.55,201.91,0.00
1,64.71,358.14,200.38,0.00
1,65.13,358.14,199.83,0.00
1,65.21,358.14,199.09,0.00
1,65.28,358.14,198.49,0.00
1,65.33,358.14,197.98,0.00
1,65.38,358.14,197.36,0.00
1,65.56,359.06,197.36,0.00
1,65.58,359.64,197.36,0.00
1,65.61,0.98,197.40,0.00
1,65.96,0.46,198.18,0.00
1,66.01,359.14,198.31,0.00
3,66.35,[EndPoint]PointAngle:(359.0, 198.3, 0.0),PointDir:(-0.3, 0.0, -0.9)
4,66.35,559.80,33.56,665.99,0.00,0.00,0.00
3,66.35,[StartPoint]PlayerPos:(559.8, 33.6, 666.0),TargetName:Shed,TargetPos:(762.8, 30.8, 547.1)
0,66.37,559.80,33.56,665.99
1,66.37,359.03,0.00,0.00
1,66.91,359.03,0.54,0.00
1,66.93,359.03,1.08,0.00
1,66.96,359.03,2.32,0.00
1,66.98,359.03,2.96,0.00
1,67.01,359.03,4.24,0.00
1,67.03,359.03,4.85,0.00
1,67.06,359.03,6.04,0.00
1,67.08,359.03,6.92,0.00
1,67.11,359.03,9.10,0.00
1,67.13,359.03,10.24,0.00
1,67.16,359.03,12.81,0.00
1,67.18,359.03,14.32,0.00
1,67.21,359.03,17.47,0.00
1,67.23,359.03,19.44,0.00
1,67.26,359.03,23.52,0.00
1,67.28,359.03,25.62,0.00
1,67.31,359.03,29.64,0.00
1,67.33,359.03,31.69,0.00
1,67.36,359.03,35.76,0.00
1,67.38,359.03,37.46,0.00
1,67.41,359.03,38.87,0.00
1,67.66,359.03,41.18,0.00
1,67.68,359.03,42.78,0.00
1,67.71,359.03,46.22,0.00
1,67.73,359.03,48.27,0.00
1,67.76,359.03,52.37,0.00
1,67.78,359.03,54.38,0.00
1,67.81,359.03,58.56,0.00
1,67.83,359.03,60.55,0.00
1,67.86,359.03,64.63,0.00
1,67.88,359.03,66.75,0.00
1,67.91,359.03,70.76,0.00
1,67.93,359.03,72.81,0.00
1,67.96,359.03,76.91,0.00
1,67.98,359.03,79.00,0.00
1,68.02,359.03,83.18,0.00
1,68.03,359.03,85.12,0.00
1,68.06,359.03,89.22,0.00
1,68.08,359.03,91.35,0.00
1,68.11,359.03,95.37,0.00
1,68.13,359.03,97.43,0.00
1,68.16,359.03,101.50,0.00
1,68.18,359.03,103.54,0.00
1,68.22,359.03,107.71,0.00
1,68.23,359.03,109.67,0.00
1,68.26,359.03,113.74,0.00
1,68.28,359.03,115.87,0.00
1,68.31,359.03,119.88,0.00
1,68.33,359.03,121.95,0.00
1,68.37,359.03,126.04,0.00
1,68.38,359.03,128.07,0.00
1,68.42,359.03,132.24,0.00
1,68.43,359.03,134.19,0.00
1,68.46,359.03,138.27,0.00
1,68.48,359.03,140.42,0.00
1,68.52,359.03,144.46,0.00
1,68.53,359.03,146.50,0.00
1,68.57,359.03,150.56,0.00
1,68.58,359.03,152.59,0.00
1,68.62,359.03,156.78,0.00
1,68.63,359.03,158.74,0.00
1,68.67,359.03,162.83,0.00
1,68.68,359.03,165.02,0.00
1,68.72,359.03,168.58,0.00
1,68.73,359.03,169.65,0.00
3,69.08,[EndPoint]PointAngle:(359.0, 169.9, 0.0),PointDir:(0.2, 0.0, -1.0)
4,69.08,762.82,30.82,547.09,0.00,0.00,0.00
3,69.08,[StartPoint]PlayerPos:(762.8, 30.8, 547.1),TargetName:Tent,TargetPos:(980.0, 30.9, 836.6)
0,69.08,762.82,30.82,547.09
1,69.08,359.03,0.00,0.00
1,70.92,359.03,359.97,0.00
3,71.08,[EndPoint]PointAngle:(359.0, 359.7, 0.0),PointDir:(0.0, 0.0, 1.0)
1,116.89,0.19,357.08,0.00
1,116.90,1.13,355.18,0.00
1,116.94,2.95,351.50,0.00
1,116.95,3.87,349.64,0.00
1,116.99,5.90,345.54,0.00
1,117.01,6.86,343.59,0.00
1,117.04,8.38,340.54,0.00
1,117.05,9.32,338.64,0.00
1,117.09,11.18,334.89,0.00
1,117.10,12.15,332.92,0.00
1,117.14,14.19,328.82,0.00
1,117.16,15.00,326.97,0.00
1,117.19,16.22,322.94,0.00
1,117.20,16.53,321.43,0.00
1,117.24,16.60,317.30,0.00
1,117.25,16.60,315.33,0.00
1,117.29,16.60,311.17,0.00
1,117.30,16.60,309.20,0.00
1,117.34,16.60,305.11,0.00
1,117.35,16.12,303.16,0.00
1,117.39,14.74,300.83,0.00
1,117.40,14.16,300.43,0.00
1,117.49,14.90,300.35,0.00
1,117.50,16.36,300.35,0.00
1,117.54,20.48,300.35,0.00
1,117.55,22.59,300.35,0.00
1,117.59,26.62,300.50,0.00
1,117.60,28.66,300.70,0.00
1,117.64,32.75,301.25,0.00
1,117.65,34.83,301.67,0.00
1,117.69,38.85,302.83,0.00
1,117.70,40.84,303.51,0.00
1,117.74,44.35,305.40,0.00
1,117.75,46.16,306.48,0.00
1,117.79,49.58,308.67,0.00
1,117.80,51.09,310.02,0.00
1,117.84,53.31,313.30,0.00
1,117.85,54.07,315.17,0.00
1,117.89,54.51,319.16,0.00
1,117.90,54.51,321.25,0.00
1,117.94,54.51,325.28,0.00
1,117.95,54.51,327.35,0.00
1,117.99,54.51,331.40,0.00
1,118.00,54.51,333.45,0.00
1,118.04,54.51,337.52,0.00
1,118.05,54.51,339.60,0.00
1,118.09,54.44,343.56,0.00
1,118.10,54.41,345.32,0.00
1,118.14,54.41,345.91,0.00
1,118.45,54.48,344.70,0.00
1,118.49,55.37,341.34,0.00
1,118.50,55.92,339.41,0.00
1,118.54,57.07,335.41,0.00
1,118.55,57.66,333.46,0.00
1,118.59,59.21,329.42,0.00
1,118.60,60.00,327.52,0.00
1,118.64,60.00,323.57,0.00
1,118.65,60.00,321.69,0.00
1,118.69,60.00,317.74,0.00
1,118.70,60.00,315.88,0.00
1,118.74,60.00,312.07,0.00
1,118.75,60.00,310.33,0.00
1,118.79,60.00,306.63,0.00
1,118.81,60.00,305.15,0.00
1,118.84,60.00,302.88,0.00
1,118.85,60.00,301.73,0.00
1,118.89,60.00,299.97,0.00
1,118.91,60.00,299.38,0.00
1,118.94,60.00,298.78,0.00
1,119.54,60.00,297.75,0.00
1,119.56,60.00,296.95,0.00
1,119.59,60.00,294.79,0.00
1,119.61,60.00,293.61,0.00
1,119.64,60.00,291.25,0.00
1,119.66,60.00,289.93,0.00
1,119.69,60.00,287.36,0.00
1,119.71,60.00,285.99,0.00
1,119.74,60.00,283.27,0.00
1,119.76,60.00,281.90,0.00
1,119.79,60.00,279.04,0.00
1,119.81,60.00,277.64,0.00
1,119.84,60.00,274.67,0.00
1,119.86,60.00,273.27,0.00
1,119.89,60.00,270.29,0.00
1,119.91,60.00,268.89,0.00
1,119.94,60.00,265.95,0.00
1,119.96,60.00,264.51,0.00
1,119.99,60.00,261.53,0.00
1,120.01,60.00,260.23,0.00
1,120.04,60.00,258.94,0.00
1,120.09,60.00,260.30,0.00
1,120.11,60.00,261.41,0.00
1,120.14,60.00,264.58,0.00
1,120.16,60.00,266.24,0.00
1,120.19,60.00,269.83,0.00
1,120.21,60.00,271.62,0.00
1,120.24,60.00,275.41,0.00
1,120.26,60.00,277.37,0.00
1,120.29,60.00,281.20,0.00
1,120.31,60.00,283.19,0.00
1,120.35,60.00,288.02,0.00
1,120.36,60.00,289.02,0.00
1,120.39,60.00,292.73,0.00
1,120.40,60.00,294.65,0.00
1,120.44,60.00,298.56,0.00
1,120.46,60.00,300.53,0.00
1,120.49,60.00,304.40,0.00
1,120.51,60.00,306.41,0.00
1,120.54,60.00,310.35,0.00
1,120.56,60.00,313.02,0.00
1,120.58,60.00,314.98,0.00
1,120.61,60.00,318.50,0.00
1,120.64,60.00,322.61,0.00
1,120.66,60.00,324.74,0.00
1,120.69,60.00,328.78,0.00
1,120.71,60.00,330.86,0.00
1,120.74,60.00,334.89,0.00
1,120.76,60.00,336.97,0.00
1,120.79,60.00,341.01,0.00
1,120.81,60.00,343.07,0.00
1,120.84,60.00,347.13,0.00
1,120.86,59.95,349.21,0.00
1,120.89,59.18,353.25,0.00
1,120.91,58.58,355.27,0.00
1,120.94,57.14,359.03,0.00
1,120.96,56.40,0.93,0.00
1,120.99,54.95,4.65,0.00
1,121.01,54.20,6.56,0.00
1,121.04,52.74,10.29,0.00
1,121.06,51.99,12.20,0.00
1,121.09,50.52,16.03,0.00
1,121.11,49.92,17.69,0.00
1,121.14,48.84,20.22,0.00
1,121.16,48.37,20.88,0.00
1,121.19,47.60,21.17,0.00
1,121.66,47.60,22.26,0.00
1,121.69,47.60,25.00,0.00
1,121.71,47.60,26.97,0.00
1,121.74,47.60,30.98,0.00
1,121.76,47.60,33.12,0.00
1,121.79,47.60,37.13,0.00
1,121.81,47.60,39.16,0.00
1,121.84,47.60,43.27,0.00
1,121.86,47.60,45.34,0.00
1,121.89,47.60,49.37,0.00
1,121.91,47.60,51.47,0.00
1,121.94,47.60,55.50,0.00
1,121.96,47.60,57.57,0.00
1,121.99,47.60,61.62,0.00
1,122.01,47.60,63.67,0.00
1,122.04,47.60,67.74,0.00
1,122.06,47.51,69.82,0.00
1,122.09,46.75,73.84,0.00
1,122.11,46.02,75.80,0.00
1,122.14,44.25,79.38,0.00
1,122.16,43.02,81.04,0.00
1,122.19,39.87,82.32,0.00
1,122.21,38.31,82.32,0.00
1,122.24,36.01,82.07,0.00
1,122.26,35.27,81.53,0.00
1,122.29,34.21,79.76,0.00
1,122.31,33.83,78.52,0.00
1,122.34,33.08,75.73,0.00
1,122.36,32.61,74.29,0.00
1,122.39,30.84,71.51,0.00
1,122.41,29.46,70.26,0.00
1,122.44,26.53,67.57,0.00
1,122.46,25.20,66.26,0.00
1,122.49,22.36,63.46,0.00
1,122.51,21.02,62.14,0.00
1,122.54,18.22,59.39,0.00
1,122.56,16.80,58.03,0.00
1,122.59,13.63,55.33,0.00
1,122.61,12.10,54.05,0.00
1,122.64,8.87,51.42,0.00
1,122.66,7.30,50.18,0.00
1,122.69,3.90,47.67,0.00
1,122.71,2.31,46.54,0.00
1,122.74,358.94,44.15,0.00
1,122.76,357.29,42.98,0.00
1,122.79,353.88,40.56,0.00
1,122.81,352.25,39.40,0.00
1,122.84,348.87,37.00,0.00
1,122.86,347.16,35.81,0.00
1,122.89,343.84,33.54,0.00
1,122.91,342.13,32.40,0.00
1,122.94,338.80,30.24,0.00
1,122.96,337.00,29.14,0.00
1,122.99,333.54,27.15,0.00
1,123.01,331.79,26.31,0.00
1,123.04,328.19,24.86,0.00
1,123.06,326.38,24.33,0.00
1,123.09,322.83,23.77,0.00
1,123.11,321.00,23.77,0.00
1,123.14,317.48,23.77,0.00
1,123.16,315.52,23.77,0.00
1,123.18,313.82,23.84,0.00
1,123.21,310.23,24.39,0.00
1,123.23,308.57,24.87,0.00
1,123.26,305.36,26.21,0.00
1,123.28,304.52,26.84,0.00
3,123.49,[TopDown]Player:(816.6, 717.6),Target:(762.8, 547.1)
1,123.91,304.52,25.99,0.00
1,123.93,304.52,24.27,0.00
1,123.96,304.52,20.23,0.00
1,123.98,304.52,18.15,0.00
1,124.01,304.52,14.12,0.00
1,124.03,304.52,12.03,0.00
1,124.06,304.52,7.99,0.00
1,124.08,304.52,5.92,0.00
1,124.11,304.52,1.86,0.00
1,124.13,304.52,359.78,0.00
1,124.16,304.52,355.74,0.00
1,124.18,304.52,353.64,0.00
1,124.21,304.52,349.58,0.00
1,124.23,304.52,347.66,0.00
1,124.26,304.60,343.63,0.00
1,124.28,304.79,341.56,0.00
1,124.31,305.49,337.51,0.00
1,124.33,305.98,335.42,0.00
1,124.36,306.95,331.40,0.00
1,124.38,307.64,329.34,0.00
1,124.41,309.29,325.40,0.00
1,124.43,310.58,322.85,0.00
1,124.46,312.79,319.14,0.00
1,124.48,313.87,317.50,0.00
1,124.51,315.98,314.50,0.00
1,124.53,317.16,312.84,0.00
1,124.56,319.62,309.51,0.00
1,124.58,320.96,307.82,0.00
1,124.61,323.69,304.43,0.00
1,124.63,325.03,302.88,0.00
1,124.66,327.92,299.80,0.00
1,124.68,329.34,298.42,0.00
1,124.71,332.53,295.51,0.00
1,124.73,334.05,294.16,0.00
1,124.76,337.29,291.34,0.00
1,124.78,338.82,290.02,0.00
1,124.81,342.06,287.21,0.00
1,124.83,343.68,285.82,0.00
1,124.86,346.85,283.24,0.00
1,124.88,348.46,282.09,0.00
1,124.91,351.99,279.80,0.00
1,124.93,353.89,278.87,0.00
1,124.96,357.64,277.31,0.00
1,124.98,359.63,276.64,0.00
1,125.01,3.47,275.34,0.00
1,125.03,5.44,274.67,0.00
1,125.06,9.13,273.12,0.00
1,125.08,10.92,272.18,0.00
1,125.11,14.24,270.03,0.00
1,125.13,15.65,269.01,0.00
3,125.33,[TopDown]Player:(440.4, 772.9),Target:(560.6, 1059.1)
1,125.58,15.84,269.95,0.00
1,125.61,15.84,273.74,0.00
1,125.63,15.84,275.83,0.00
1,125.66,15.84,279.87,0.00
1,125.68,15.66,281.94,0.00
1,125.71,14.96,285.96,0.00
1,125.73,14.44,287.95,0.00
1,125.76,13.42,291.93,0.00
1,125.78,12.93,293.80,0.00
1,125.81,11.91,297.67,0.00
1,125.83,11.29,299.64,0.00
1,125.86,9.88,303.50,0.00
1,125.88,9.19,305.29,0.00
1,125.91,7.43,308.91,0.00
1,125.93,6.41,310.52,0.00
1,125.96,4.04,313.82,0.00
1,125.98,2.83,315.28,0.00
1,126.01,0.02,318.11,0.00
1,126.03,358.47,319.22,0.00
1,126.06,355.05,321.48,0.00
1,126.08,353.39,322.49,0.00
1,126.11,349.78,324.65,0.00
1,126.13,348.10,325.66,0.00
1,126.16,344.51,327.82,0.00
1,126.18,342.82,328.84,0.00
1,126.21,339.23,330.99,0.00
1,126.23,337.45,332.07,0.00
1,126.26,334.11,334.14,0.00
1,126.28,332.39,335.21,0.00
1,126.31,329.11,337.32,0.00
1,126.33,327.47,338.46,0.00
1,126.36,324.31,340.67,0.00
1,126.38,322.69,341.80,0.00
1,126.41,319.52,344.01,0.00
1,126.43,317.89,345.14,0.00
1,126.46,314.66,347.34,0.00
1,126.48,312.83,348.37,0.00
1,126.51,309.25,349.85,0.00
1,126.53,307.40,350.53,0.00
1,126.56,303.79,351.83,0.00
1,126.58,301.92,352.49,0.00
1,126.61,300.00,353.79,0.00
1,126.63,300.00,354.46,0.00
1,126.66,300.00,355.75,0.00
1,126.68,300.00,356.42,0.00
1,126.71,300.00,357.72,0.00
1,126.73,300.00,358.38,0.00
1,126.76,300.00,359.68,0.00
1,126.78,300.00,0.35,0.00
1,126.81,300.00,1.64,0.00
1,126.83,300.00,2.31,0.00
1,126.86,300.00,3.61,0.00
1,126.88,300.00,4.27,0.00
1,126.91,300.00,5.57,0.00
1,126.93,300.00,6.24,0.00
1,126.96,300.00,7.23,0.00
3,127.10,[TopDown]Player:(1001.1, 1076.7),Target:(559.8, 666.0)
1,127.46,300.00,5.17,0.00
1,127.48,300.00,4.31,0.00
1,127.51,300.00,2.42,0.00
1,127.53,300.00,1.47,0.00
1,127.56,300.00,359.74,0.00
1,127.58,300.00,358.98,0.00
1,127.61,300.00,357.41,0.00
1,127.63,300.00,356.67,0.00
1,127.66,300.00,355.28,0.00
1,127.68,300.00,354.59,0.00
1,127.71,300.00,353.35,0.00
1,127.73,300.00,352.78,0.00
1,127.76,300.00,351.83,0.00
1,127.81,300.00,350.77,0.00
1,127.86,300.00,349.73,0.00
1,127.91,300.00,348.68,0.00
1,127.96,300.00,347.64,0.00
1,128.01,300.00,346.60,0.00
1,128.06,300.00,345.55,0.00
1,128.11,300.00,344.52,0.00
1,128.16,300.00,343.50,0.00
1,128.21,300.00,342.50,0.00
1,128.26,300.00,341.48,0.00
1,128.30,300.00,340.69,0.00
1,128.33,300.00,340.12,0.00
1,128.36,300.00,339.44,0.00
1,128.40,300.00,338.65,0.00
1,128.43,300.00,338.04,0.00
1,128.46,300.00,337.34,0.00
1,128.51,300.00,336.32,0.00
1,128.56,300.00,335.30,0.00
1,128.61,300.00,334.28,0.00
1,128.66,300.00,333.26,0.00
1,128.71,300.00,332.24,0.00
1,128.76,300.00,331.22,0.00
1,128.81,300.00,330.20,0.00
1,128.86,300.00,329.18,0.00
1,128.91,300.00,328.16,0.00
1,128.96,300.00,327.14,0.00
1,129.01,300.00,326.12,0.00
1,129.06,300.00,325.10,0.00
1,129.11,300.00,324.08,0.00
1,129.16,300.00,323.06,0.00
1,129.21,300.00,322.04,0.00
1,129.26,300.00,321.02,0.00
1,129.31,300.00,320.03,0.00
1,129.36,300.00,319.08,0.00
1,129.41,300.00,318.25,0.00
1,129.46,300.00,317.43,0.00
1,129.51,300.00,316.65,0.00
1,129.56,300.00,315.87,0.00
1,129.61,300.00,315.09,0.00
1,129.67,300.00,314.30,0.00
1,129.72,300.00,313.52,0.00
1,129.77,300.00,312.74,0.00
1,129.82,300.00,311.96,0.00
1,129.87,300.00,311.23,0.00
3,129.90,[TopDown]Player:(600.9, 1100.9),Target:(980.0, 836.6)
1,130.38,300.51,310.82,0.00
1,130.42,302.80,309.66,0.00
1,130.43,304.68,308.83,0.00
1,130.47,308.32,307.22,0.00
1,130.48,310.15,306.28,0.00
1,130.52,313.53,304.10,0.00
1,130.53,315.18,302.94,0.00
1,130.57,318.31,300.57,0.00
1,130.58,319.93,299.28,0.00
1,130.62,323.07,296.77,0.00
1,130.63,324.69,295.48,0.00
1,130.67,327.84,292.97,0.00
1,130.68,329.45,291.69,0.00
1,130.72,332.75,289.38,0.00
1,130.73,334.53,288.30,0.00
1,130.77,338.17,286.51,0.00
1,130.78,340.09,285.69,0.00
1,130.82,343.90,284.27,0.00
1,130.83,345.94,283.72,0.00
1,130.87,349.95,282.80,0.00
1,130.88,352.03,282.46,0.00
1,130.92,356.08,282.07,0.00
1,130.93,358.16,281.94,0.00
1,130.97,2.31,281.73,0.00
1,130.98,4.28,281.65,0.00
1,131.02,8.32,281.65,0.00
1,131.03,10.41,281.65,0.00
1,131.07,14.56,281.65,0.00
1,131.08,16.52,281.65,0.00
1,131.12,20.70,281.65,0.00
1,131.13,22.65,281.65,0.00
1,131.17,26.80,281.65,0.00
1,131.18,28.76,281.65,0.00
1,131.22,32.93,281.65,0.00
1,131.23,34.90,281.65,0.00
1,131.27,39.05,281.13,0.00
1,131.28,40.88,280.57,0.00
1,131.32,44.63,278.96,0.00
1,131.33,46.31,278.11,0.00
1,131.37,49.71,276.02,0.00
1,131.38,51.25,274.98,0.00
1,131.42,54.52,272.77,0.00
1,131.43,56.16,271.67,0.00
1,131.47,59.34,269.53,0.00
1,131.48,60.00,268.42,0.00
1,131.52,60.00,266.28,0.00
1,131.53,60.00,265.47,0.00
1,131.57,60.00,264.88,0.00
3,131.87,[TopDown]Player:(625.9, 644.0),Target:(838.5, 1261.1)
1,132.43,60.00,266.04,0.00
1,132.45,60.00,266.61,0.00
1,132.48,60.00,267.71,0.00
1,132.50,60.00,268.28,0.00
1,132.53,60.00,269.38,0.00
1,132.55,60.00,270.01,0.00
1,132.58,60.00,271.28,0.00
1,132.60,60.00,271.98,0.00
1,132.63,60.00,273.92,0.00
1,132.65,60.00,275.14,0.00
1,132.68,60.00,277.93,0.00
1,132.70,60.00,279.46,0.00
1,132.73,60.00,282.56,0.00
1,132.75,60.00,284.05,0.00
1,132.78,60.00,287.23,0.00
1,132.80,60.00,288.73,0.00
1,132.83,60.00,291.90,0.00
1,132.85,60.00,293.40,0.00
1,132.88,60.00,296.46,0.00
1,132.92,60.00,299.48,0.00
1,132.93,60.00,301.06,0.00
1,132.97,60.00,304.15,0.00
1,132.98,60.00,305.73,0.00
1,133.02,60.00,308.81,0.00
1,133.03,60.00,310.40,0.00
1,133.07,60.00,313.48,0.00
1,133.08,60.00,315.07,0.00
1,133.12,60.00,318.17,0.00
1,133.13,60.00,319.75,0.00
1,133.17,60.00,322.82,0.00
1,133.18,60.00,324.42,0.00
1,133.22,60.00,327.50,0.00
1,133.23,60.00,329.09,0.00
1,133.27,60.00,332.18,0.00
1,133.28,60.00,333.76,0.00
1,133.32,60.00,336.85,0.00
1,133.33,60.00,338.44,0.00
1,133.37,60.00,341.51,0.00
1,133.38,60.00,343.11,0.00
1,133.42,60.00,346.19,0.00
1,133.43,60.00,347.78,0.00
1,133.47,60.00,350.86,0.00
1,133.48,60.00,352.45,0.00
1,133.52,60.00,356.02,0.00
1,133.54,60.00,357.59,0.00
1,133.55,60.00,358.72,0.00
1,133.58,60.00,1.74,0.00
1,133.60,60.00,3.24,0.00
1,133.63,60.00,6.11,0.00
1,133.65,60.00,7.57,0.00
1,133.68,60.00,10.35,0.00
1,133.70,60.00,11.79,0.00
1,133.73,60.00,14.57,0.00
1,133.75,60.00,16.00,0.00
1,133.78,60.00,18.82,0.00
1,133.80,60.00,20.19,0.00
1,133.83,60.00,22.78,0.00
1,133.85,60.00,24.06,0.00
1,133.88,60.00,26.38,0.00
1,133.90,60.00,27.55,0.00
1,133.93,60.00,29.20,0.00
3,133.98,[TopDown]Player:(1069.0, 668.9),Target:(611.5, 189.1)
