SubjectNumber:Number
Gender:Gender
Age:Age
    Pos(x,y,z)                    Rot(x,y,z)                         Camera(x,y,z)     SetNumber
740.474 54.515 911.250 0.000 0.000 0.000 0.0 0.0 0.0 999
740.474 54.515 911.250 0.000 0.000 0.000 0.0 0.0 0.0 999
740.474 54.507 911.250 0.000 0.000 0.000 0.0 0.0 0.0 999
740.474 54.507 911.250 0.000 0.000 0.000 0.0 0.0 0.0 999
740.474 54.491 911.250 0.000 0.000 0.000 0.0 0.0 0.0 999
740.474 54.491 911.250 0.000 0.000 0.000 0.0 0.0 0.0 999
740.474 54.491 911.250 0.000 0.000 0.000 0.0 0.0 0.0 999
740.474 54.467 911.250 0.000 0.000 0.000 0.0 0.0 0.0 999
740.474 54.467 911.250 0.000 0.000 0.000 0.0 0.0 0.0 999
740.474 54.467 911.250 0.000 0.000 0.000 0.0 0.0 0.0 999
740.474 54.435 911.250 0.000 0.000 0.000 0.0 0.0 0.0 999
740.474 54.435 911.250 0.000 0.000 0.000 0.0 0.0 0.0 999
740.474 54.435 911.250 0.000 0.000 0.000 0.0 0.0 0.0 999
740.474 54.395 911.250 0.000 0.000 0.000 0.0 0.0 0.0 999
740.474 54.395 911.250 0.000 0.000 0.000 0.0 0.0 0.0 999
740.474 54.395 911.250 0.000 0.000 0.000 0.0 0.0 0.0 999
740.474 54.347 911.250 0.000 0.000 0.000 0.0 0.0 0.0 999
740.474 54.347 911.250 0.000 0.000 0.000 0.0 0.0 0.0 999
740.474 54.291 911.250 0.000 0.000 0.000 0.0 0.0 0.0 999
740.474 54.291 911.250 0.000 0.000 0.000 0.0 0.0 0.0 999
740.474 54.291 911.250 0.000 0.000 0.000 0.0 0.0 0.0 999
740.474 54.227 911.250 0.000 0.000 0.000 0.0 0.0 0.0 999
740.474 54.227 911.250 0.000 0.000 0.000 0.0 0.0 0.0 999
740.474 54.227 911.250 0.000 0.000 0.000 0.0 0.0 0.0 999
740.474 54.155 911.250 0.000 0.000 0.000 0.0 0.0 0.0 999
740.474 54.155 911.250 0.000 0.000 0.000 0.0 0.0 0.0 999
740.474 54.155 911.250 0.000 0.000 0.000 0.0 0.0 0.0 999
740.474 54.075 911.250 0.000 0.000 0.000 0.0 0.0 0.0 999
740.474 54.075 911.250 0.000 0.000 0.000 0.0 0.0 0.0 999
740.474 54.075 911.250 0.000 0.000 0.000 0.0 0.0 0.0 999
740.474 53.987 911.250 0.000 0.000 0.000 0.0 0.0 0.0 999
740.474 53.987 911.250 0.000 0.000 0.000 0.0 0.0 0.0 999
740.474 53.987 911.250 0.000 0.000 0.000 0.0 0.0 0.0 999
740.474 53.891 911.250 0.000 0.000 0.000 0.0 0.0 0.0 999
740.474 53.891 911.250 0.000 0.000 0.000 0.0 0.0 0.0 999
740.474 53.787 911.250 0.000 0.000 0.000 0.0 0.0 0.0 999
740.474 53.787 911.250 0.000 0.000 0.000 0.0 0.0 0.0 999
740.474 53.787 911.250 0.000 0.000 0.000 0.0 0.0 0.0 999
740.474 53.675 911.250 0.000 0.000 0.000 0.0 0.0 0.0 999
740.474 53.675 911.250 0.000 0.000 0.000 0.0 0.0 0.0 999
740.474 53.555 911.250 0.000 0.000 0.000 0.0 0.0 0.0 999
740.474 53.555 911.250 0.000 0.000 0.000 0.0 0.0 0.0 999
740.474 53.555 911.250 0.000 0.000 0.000 0.0 0.0 0.0 999
740.474 53.427 911.250 0.000 0.000 0.000 0.0 0.0 0.0 999
740.474 53.427 911.250 0.000 0.000 0.000 0.0 0.0 0.0 999
740.474 53.291 911.250 0.000 0.000 0.000 0.0 0.0 0.0 999
740.474 53.291 911.250 0.000 0.000 0.000 0.0 0.0 0.0 999
740.474 53.291 911.250 0.000 0.000 0.000 0.0 0.0 0.0 999
740.474 53.147 911.250 0.000 0.000 0.000 0.0 0.0 0.0 999
740.474 53.147 911.250 0.000 0.000 0.000 0.0 0.0 0.0 999
740.474 53.147 911.250 0.000 0.000 0.000 0.0 0.0 0.0 999
740.474 52.995 911.250 0.000 0.000 0.000 0.0 0.0 0.0 999
740.474 52.995 911.250 0.000 0.000 0.000 0.0 0.0 0.0 999
740.474 52.995 911.250 0.000 0.000 0.000 0.0 0.0 0.0 999
740.474 52.835 911.250 0.000 0.000 0.000 0.0 0.0 0.0 999
740.474 52.835 911.250 0.000 0.000 0.000 0.0 0.0 0.0 999
740.474 52.667 911.250 0.000 0.000 0.000 0.0 0.0 0.0 999
740.474 52.667 911.250 0.000 0.000 0.000 0.0 0.0 0.0 999
740.474 52.667 911.250 0.000 0.000 0.000 0.0 0.0 0.0 999
740.474 52.491 911.250 0.000 0.000 0.000 0.0 0.0 0.0 999
740.474 52.491 911.250 0.000 0.000 0.000 0.0 0.0 0.0 999
740.474 52.307 911.250 0.000 0.000 0.000 0.0 0.0 0.0 999
740.474 52.307 911.250 0.000 0.000 0.000 0.0 0.0 0.0 999
740.474 52.115 911.250 0.000 0.000 0.000 0.0 0.0 0.0 999
740.474 52.115 911.250 0.000 0.000 0.000 0.0 0.0 0.0 999
740.474 52.115 911.250 0.000 0.000 0.000 0.0 0.0 0.0 999
740.474 51.915 911.250 0.000 0.000 0.000 0.0 0.0 0.0 999
740.474 51.915 911.250 0.000 0.000 0.000 0.0 0.0 0.0 999
740.474 51.915 911.250 0.000 0.000 0.000 0.0 0.0 0.0 999
740.474 51.707 911.250 0.000 0.000 0.000 0.0 0.0 0.0 999
740.474 51.707 911.250 0.000 0.000 0.000 0.0 0.0 0.0 999
740.474 51.491 911.250 0.000 0.000 0.000 0.0 0.0 0.0 999
740.474 51.491 911.250 0.000 0.000 0.000 0.0 0.0 0.0 999
740.474 51.491 911.250 0.000 0.000 0.000 0.0 0.0 0.0 999
740.474 51.267 911.250 0.000 0.000 0.000 0.0 0.0 0.0 999
740.474 51.267 911.250 0.000 0.000 0.000 0.0 0.0 0.0 999
740.474 51.035 911.250 0.000 0.000 0.000 0.0 0.0 0.0 999
740.474 51.035 911.250 0.000 0.000 0.000 0.0 0.0 0.0 999
740.474 51.035 911.250 0.000 0.000 0.000 0.0 0.0 0.0 999
740.474 50.795 911.250 0.000 0.000 0.000 0.0 0.0 0.0 999
740.474 50.795 911.250 0.000 0.000 0.000 0.0 0.0 0.0 999
740.474 50.547 911.250 0.000 0.000 0.000 0.0 0.0 0.0 999
740.474 50.547 911.250 0.000 0.000 0.000 0.0 0.0 0.0 999
740.474 50.291 911.250 0.000 0.000 0.000 0.0 0.0 0.0 999
740.474 50.291 911.250 0.000 0.000 0.000 0.0 0.0 0.0 999
740.474 50.291 911.250 0.000 0.000 0.000 0.0 0.0 0.0 999
740.474 50.027 911.250 0.000 0.000 0.000 0.0 0.0 0.0 999
740.474 50.027 911.250 0.000 0.000 0.000 0.0 0.0 0.0 999
740.474 49.755 911.250 0.000 0.000 0.000 0.0 0.0 0.0 999
740.474 49.755 911.250 0.000 0.000 0.000 0.0 0.0 0.0 999
740.474 49.475 911.250 0.000 0.000 0.000 0.0 0.0 0.0 999
740.474 49.475 911.250 0.000 0.000 0.000 0.0 0.0 0.0 999
740.474 49.475 911.250 0.000 0.000 0.000 0.0 0.0 0.0 999
740.474 49.187 911.250 0.000 0.000 0.000 0.0 0.0 0.0 999
740.474 49.187 911.250 0.000 0.000 0.000 0.0 0.0 0.0 999
740.474 48.891 911.250 0.000 0.000 0.000 0.0 0.0 0.0 999
740.474 48.891 911.250 0.000 0.000 0.000 0.0 0.0 0.0 999
740.474 48.587 911.250 0.000 0.000 0.000 0.0 0.0 0.0 999
740.474 48.587 911.250 0.000 0.000 0.000 0.0 0.0 0.0 999
740.474 48.587 911.250 0.000 0.000 0.000 0.0 0.0 0.0 999
740.474 48.275 911.250 0.000 0.000 0.000 0.0 0.0 0.0 999
740.474 48.275 911.250 0.000 0.000 0.000 0.0 0.0 0.0 999
740.474 47.955 911.250 0.000 0.000 0.000 0.0 0.0 0.0 999
740.474 47.955 911.250 0.000 0.000 0.000 0.0 0.0 0.0 999
740.474 47.627 911.250 0.000 0.000 0.000 0.0 0.0 0.0 999
740.474 47.627 911.250 0.000 0.000 0.000 0.0 0.0 0.0 999
740.474 47.291 911.250 0.000 0.000 0.000 0.0 0.0 0.0 999
740.474 47.291 911.250 0.000 0.000 0.000 0.0 0.0 0.0 999
740.474 47.291 911.250 0.000 0.000 0.000 0.0 0.0 0.0 999
740.474 46.947 911.250 0.000 0.000 0.000 0.0 0.0 0.0 999
740.474 46.947 911.250 0.000 0.000 0.000 0.0 0.0 0.0 999
740.474 46.595 911.250 0.000 0.000 0.000 0.0 0.0 0.0 999
740.474 46.595 911.250 0.000 0.000 0.000 0.0 0.0 0.0 999
740.474 46.235 911.250 0.000 0.000 0.000 0.0 0.0 0.0 999
740.474 46.235 911.250 0.000 0.000 0.000 0.0 0.0 0.0 999
740.474 46.235 911.250 0.000 0.000 0.000 0.0 0.0 0.0 999
740.474 45.867 911.250 0.000 0.000 0.000 0.0 0.0 0.0 999
740.474 45.867 911.250 0.000 0.000 0.000 0.0 0.0 0.0 999
740.474 45.491 911.250 0.000 0.000 0.000 0.0 0.0 0.0 999
740.474 45.491 911.250 0.000 0.000 0.000 0.0 0.0 0.0 999
740.474 45.107 911.250 0.000 0.000 0.000 0.0 0.0 0.0 999
740.474 45.107 911.250 0.000 0.000 0.000 0.0 0.0 0.0 999
740.474 44.715 911.250 0.000 0.000 0.000 0.0 0.0 0.0 999
740.474 44.715 911.250 0.000 0.000 0.000 0.0 0.0 0.0 999
740.474 44.315 911.250 0.000 0.000 0.000 0.0 0.0 0.0 999
740.474 44.315 911.250 0.000 0.000 0.000 0.0 0.0 0.0 999
740.474 44.315 911.250 0.000 0.000 0.000 0.0 0.0 0.0 999
740.474 43.915 911.250 0.000 0.000 0.000 0.0 0.0 0.0 999
740.474 43.915 911.250 0.000 0.000 0.000 0.0 0.0 0.0 999
740.474 43.515 911.250 0.000 0.000 0.000 0.0 0.0 0.0 999
740.474 43.515 911.250 0.000 0.000 0.000 0.0 0.0 0.0 999
740.474 43.115 911.250 0.000 0.000 0.000 0.0 0.0 0.0 999
740.474 43.115 911.250 0.000 0.000 0.000 0.0 0.0 0.0 999
740.474 43.115 911.250 0.000 0.000 0.000 0.0 0.0 0.0 999
740.474 42.715 911.250 0.000 0.000 0.000 0.0 0.0 0.0 999
740.474 42.715 911.250 0.000 0.000 0.000 0.0 0.0 0.0 999
740.474 42.315 911.250 0.000 0.000 0.000 0.0 0.0 0.0 999
740.474 42.315 911.250 0.000 0.000 0.000 0.0 0.0 0.0 999
740.474 41.915 911.250 0.000 0.000 0.000 0.0 0.0 0.0 999
740.474 41.915 911.250 0.000 0.000 0.000 0.0 0.0 0.0 999
740.474 41.515 911.256 0.000 0.000 0.000 0.0 0.0 0.0 999
740.474 41.515 911.256 0.000 0.000 0.000 0.0 0.0 0.0 999
740.474 41.515 911.256 0.000 0.000 0.000 0.0 0.0 0.0 999
740.474 41.115 911.268 0.000 0.000 0.000 0.0 0.0 0.0 999
740.474 41.115 911.268 0.000 0.000 0.000 0.0 0.0 0.0 999
740.474 40.715 911.286 0.000 0.000 0.000 0.0 0.0 0.0 999
740.474 40.715 911.286 0.000 0.000 0.000 0.0 0.0 0.0 999
740.474 40.315 911.310 0.000 0.000 0.000 0.0 0.0 0.0 999
740.474 40.315 911.310 0.000 0.000 0.000 0.0 0.0 0.0 999
740.477 39.915 911.339 0.000 0.000 0.000 0.0 0.0 0.0 999
740.477 39.915 911.339 0.000 0.000 0.000 0.0 0.0 0.0 999
740.483 39.515 911.374 0.000 0.000 0.000 0.0 0.0 0.0 999
740.483 39.515 911.374 0.000 0.000 0.000 0.0 0.0 0.0 999
740.483 39.515 911.374 0.000 0.000 0.000 0.0 0.0 0.0 999
740.493 39.115 911.412 0.000 0.000 0.000 0.0 0.0 0.0 999
740.493 39.115 911.412 0.000 0.000 0.000 0.0 0.0 0.0 999
740.506 38.715 911.456 0.000 0.000 0.000 0.0 0.0 0.0 999
740.506 38.715 911.456 0.000 0.000 0.000 0.0 0.0 0.0 999
740.523 38.315 911.505 0.000 0.000 0.000 0.0 0.0 0.0 999
740.523 38.315 911.505 0.000 0.000 0.000 0.0 0.0 0.0 999
740.543 37.915 911.559 0.000 0.000 0.000 0.0 0.0 0.0 999
740.543 37.915 911.559 0.000 0.000 0.000 0.0 0.0 0.0 999
740.543 37.915 911.559 0.000 0.000 0.000 0.0 0.0 0.0 999
740.566 37.515 911.617 0.000 0.000 0.000 0.0 0.0 0.0 999
740.593 37.115 911.681 0.000 0.000 0.000 0.0 0.0 0.0 999
740.593 37.115 911.681 0.000 0.000 0.000 0.0 0.0 0.0 999
740.621 36.715 911.750 0.000 0.000 0.000 0.0 0.0 0.0 999
740.621 36.715 911.750 0.000 0.000 0.000 0.0 0.0 0.0 999
740.621 36.715 911.750 0.000 0.000 0.000 0.0 0.0 0.0 999
740.644 36.315 911.815 0.000 0.000 0.000 0.0 0.0 0.0 999
740.644 36.315 911.815 0.000 0.000 0.000 0.0 0.0 0.0 999
740.664 35.915 911.876 0.000 0.000 0.000 0.0 0.0 0.0 999
740.664 35.915 911.876 0.000 0.000 0.000 0.0 0.0 0.0 999
740.679 35.515 911.933 0.000 0.000 0.000 0.0 0.0 0.0 999
740.679 35.515 911.933 0.000 0.000 0.000 0.0 0.0 0.0 999
740.690 35.115 911.985 0.000 0.000 0.000 0.0 0.0 0.0 999
740.690 35.115 911.985 0.000 0.000 0.000 0.0 0.0 0.0 999
740.701 34.715 912.043 0.000 0.000 0.000 0.0 0.0 0.0 999
740.701 34.715 912.043 0.000 0.000 0.000 0.0 0.0 0.0 999
740.711 34.315 912.107 0.000 0.000 0.000 0.0 0.0 0.0 999
740.711 34.315 912.107 0.000 0.000 0.000 0.0 0.0 0.0 999
740.711 34.315 912.107 0.000 0.000 0.000 0.0 0.0 0.0 999
740.721 33.915 912.177 0.000 0.000 0.000 0.0 0.0 0.0 999
740.721 33.915 912.177 0.000 0.000 0.000 0.0 0.0 0.0 999
740.729 33.515 912.253 0.000 0.000 0.000 0.0 0.0 0.0 999
740.729 33.515 912.253 0.000 0.000 0.000 0.0 0.0 0.0 999
740.735 33.115 912.335 0.000 0.000 0.000 0.0 0.0 0.0 999
740.735 33.115 912.335 0.000 0.000 0.000 0.0 0.0 0.0 999
740.740 32.715 912.422 0.000 0.000 0.000 0.0 0.0 0.0 999
740.740 32.715 912.422 0.000 0.000 0.000 0.0 0.0 0.0 999
740.744 32.315 912.516 0.000 0.000 0.000 0.0 0.0 0.0 999
740.744 32.315 912.516 0.000 0.000 0.000 0.0 0.0 0.0 999
740.747 31.915 912.615 0.000 0.000 0.000 0.0 0.0 0.0 999
740.747 31.915 912.615 0.000 0.000 0.000 0.0 0.0 0.0 999
740.748 31.757 912.720 0.000 0.000 0.000 0.0 0.0 0.0 999
740.748 31.757 912.720 0.000 0.000 0.000 0.0 0.0 0.0 999
740.747 31.760 912.832 0.000 0.000 0.000 0.0 0.0 0.0 999
740.747 31.760 912.832 0.000 0.000 0.000 0.0 0.0 0.0 999
740.745 31.760 912.952 0.000 0.000 0.000 0.0 0.0 0.0 999
740.745 31.760 912.952 0.000 0.000 0.000 0.0 0.0 0.0 999
740.740 31.760 913.080 0.000 0.000 0.000 0.0 0.0 0.0 999
740.740 31.760 913.080 0.000 0.000 0.000 0.0 0.0 0.0 999
740.734 31.760 913.216 0.000 0.000 0.000 0.0 0.0 0.0 999
740.734 31.760 913.216 0.000 0.000 0.000 0.0 0.0 0.0 999
740.727 31.760 913.359 0.000 359.950 0.000 0.0 359.9 0.0 999
740.727 31.760 913.359 0.000 359.869 0.000 0.0 359.9 0.0 999
740.717 31.760 913.510 0.000 359.556 0.000 0.0 359.6 0.0 999
740.706 31.760 913.669 0.000 359.156 0.000 360.0 359.2 0.0 999
740.706 31.760 913.669 0.000 358.682 0.000 360.0 358.7 0.0 999
740.692 31.760 913.836 0.000 358.024 0.000 360.0 358.0 0.0 999
740.692 31.760 913.836 0.000 357.305 0.000 359.9 357.3 0.0 999
740.676 31.760 914.010 0.000 356.358 0.000 359.9 356.4 0.0 999
740.658 31.760 914.192 0.000 355.355 0.000 359.9 355.4 0.0 999
740.637 31.760 914.381 0.000 354.352 0.000 359.9 354.4 0.0 999
740.637 31.760 914.381 0.000 353.348 0.000 359.8 353.3 0.0 999
740.613 31.760 914.578 0.000 352.345 0.000 359.8 352.3 0.0 999
740.613 31.760 914.578 0.000 351.342 0.000 359.8 351.3 0.0 999
740.586 31.760 914.782 0.000 350.338 0.000 359.8 350.3 0.0 999
740.586 31.760 914.782 0.000 349.335 0.000 359.8 349.3 0.0 999
740.554 31.760 914.993 0.000 348.332 0.000 359.7 348.3 0.0 999
740.554 31.760 914.993 0.000 347.328 0.000 359.7 347.3 0.0 999
740.518 31.760 915.210 0.000 346.325 0.000 359.7 346.3 0.0 999
740.518 31.760 915.210 0.000 345.331 0.000 359.8 345.3 0.0 999
740.477 31.760 915.434 0.000 344.773 0.000 359.8 344.8 0.0 999
740.430 31.760 915.664 0.000 344.566 0.000 359.9 344.6 0.0 999
740.430 31.760 915.664 0.000 344.566 0.000 359.9 344.6 0.0 999
740.378 31.760 915.899 0.000 344.566 0.000 359.9 344.6 0.0 999
740.378 31.760 915.899 0.000 344.598 0.000 359.9 344.6 0.0 999
740.320 31.760 916.140 0.000 344.789 0.000 359.9 344.8 0.0 999
740.320 31.760 916.140 0.000 345.381 0.000 359.9 345.4 0.0 999
740.257 31.760 916.387 0.000 346.192 0.000 359.9 346.2 0.0 999
740.257 31.760 916.387 0.000 347.195 0.000 359.9 347.2 0.0 999
740.188 31.760 916.639 0.000 348.199 0.000 359.8 348.2 0.0 999
740.188 31.760 916.639 0.000 349.202 0.000 359.8 349.2 0.0 999
740.113 31.760 916.897 0.000 350.205 0.000 359.7 350.2 0.0 999
740.113 31.760 916.897 0.000 351.209 0.000 359.7 351.2 0.0 999
740.033 31.760 917.161 0.000 352.212 0.000 359.6 352.2 0.0 999
740.033 31.760 917.161 0.000 353.215 0.000 359.5 353.2 0.0 999
739.949 31.760 917.432 0.000 354.219 0.000 359.5 354.2 0.0 999
739.860 31.760 917.709 0.000 355.222 0.000 359.5 355.2 0.0 999
739.860 31.760 917.709 0.000 356.225 0.000 359.5 356.2 0.0 999
739.767 31.760 917.993 0.000 357.229 0.000 359.5 357.2 0.0 999
739.767 31.760 917.993 0.000 358.232 0.000 359.5 358.2 0.0 999
739.671 31.760 918.285 0.000 359.235 0.000 359.5 359.2 0.0 999
739.472 31.760 918.891 0.000 0.238 0.000 359.5 0.2 0.0 999
739.472 31.760 918.891 0.000 1.242 0.000 359.5 1.2 0.0 999
739.370 31.751 919.206 0.000 2.245 0.000 359.5 2.2 0.0 999
739.370 31.751 919.206 0.000 3.248 0.000 359.5 3.2 0.0 999
739.269 31.760 919.526 0.000 4.252 0.000 359.5 4.3 0.0 999
739.169 31.760 919.855 0.000 5.255 0.000 359.5 5.3 0.0 999
739.169 31.760 919.855 0.000 6.258 0.000 359.5 6.3 0.0 999
739.072 31.760 920.191 0.000 7.262 0.000 359.5 7.3 0.0 999
739.072 31.760 920.191 0.000 8.265 0.000 359.5 8.3 0.0 999
738.978 31.760 920.534 0.000 9.268 0.000 359.5 9.3 0.0 999
738.978 31.760 920.534 0.000 10.272 0.000 359.5 10.3 0.0 999
738.887 31.760 920.885 0.000 11.275 0.000 359.5 11.3 0.0 999
738.887 31.760 920.885 0.000 12.278 0.000 359.5 12.3 0.0 999
738.799 31.760 921.242 0.000 13.282 0.000 359.5 13.3 0.0 999
738.799 31.760 921.242 0.000 14.285 0.000 359.5 14.3 0.0 999
738.717 31.760 921.606 0.000 15.288 0.000 359.5 15.3 0.0 999
738.717 31.760 921.606 0.000 16.292 0.000 359.5 16.3 0.0 999
738.641 31.754 921.975 0.000 17.295 0.000 359.5 17.3 0.0 999
738.641 31.754 921.975 0.000 18.298 0.000 359.5 18.3 0.0 999
738.570 31.760 922.346 0.000 19.302 0.000 359.5 19.3 0.0 999
738.570 31.760 922.346 0.000 20.305 0.000 359.5 20.3 0.0 999
738.506 31.760 922.721 0.000 21.308 0.000 359.5 21.3 0.0 999
738.506 31.760 922.721 0.000 22.312 0.000 359.5 22.3 0.0 999
738.450 31.760 923.099 0.000 23.315 0.000 359.5 23.3 0.0 999
738.450 31.760 923.099 0.000 24.318 0.000 359.5 24.3 0.0 999
738.401 31.760 923.479 0.000 25.322 0.000 359.5 25.3 0.0 999
738.360 31.752 923.861 0.000 26.325 0.000 359.5 26.3 0.0 999
738.360 31.752 923.861 0.000 27.328 0.000 359.5 27.3 0.0 999
738.327 31.757 924.244 0.000 28.332 0.000 359.5 28.3 0.0 999
738.327 31.757 924.244 0.000 29.335 0.000 359.5 29.3 0.0 999
738.301 31.760 924.629 0.000 30.338 0.000 359.5 30.3 0.0 999
738.301 31.760 924.629 0.000 31.342 0.000 359.5 31.3 0.0 999
738.284 31.760 925.015 0.000 32.345 0.000 359.5 32.3 0.0 999
738.284 31.760 925.015 0.000 33.348 0.000 359.5 33.3 0.0 999
738.274 31.760 925.401 0.000 34.352 0.000 359.5 34.4 0.0 999
738.274 31.760 925.401 0.000 35.355 0.000 359.5 35.4 0.0 999
738.273 31.760 925.788 0.000 36.358 0.000 359.5 36.4 0.0 999
738.273 31.760 925.788 0.000 37.362 0.000 359.5 37.4 0.0 999
738.279 31.760 926.174 0.000 38.365 0.000 359.5 38.4 0.0 999
738.279 31.760 926.174 0.000 39.368 0.000 359.5 39.4 0.0 999
738.294 31.760 926.560 0.000 40.372 0.000 359.5 40.4 0.0 999
738.294 31.760 926.560 0.000 41.375 0.000 359.5 41.4 0.0 999
738.316 31.759 926.945 0.000 42.378 0.000 359.5 42.4 0.0 999
738.316 31.759 926.945 0.000 43.382 0.000 359.5 43.4 0.0 999
738.346 31.755 927.327 0.000 44.385 0.000 359.5 44.4 0.0 999
738.346 31.755 927.327 0.000 45.388 0.000 359.5 45.4 0.0 999
738.384 31.760 927.707 0.000 46.392 0.000 359.5 46.4 0.0 999
738.429 31.760 928.084 0.000 47.312 0.000 359.5 47.3 0.0 999
738.429 31.760 928.084 0.000 47.974 0.000 359.5 48.0 0.0 999
738.481 31.760 928.457 0.000 48.003 0.000 359.5 48.0 0.0 999
738.481 31.760 928.457 0.000 48.003 0.000 359.5 48.0 0.0 999
738.539 31.760 928.826 0.000 48.003 0.000 359.5 48.0 0.0 999
738.539 31.760 928.826 0.000 48.003 0.000 359.5 48.0 0.0 999
738.539 31.760 928.826 0.000 48.003 0.000 359.5 48.0 0.0 999
738.603 31.760 929.189 0.000 48.003 0.000 359.5 48.0 0.0 999
738.603 31.760 929.189 0.000 48.003 0.000 359.5 48.0 0.0 999
738.674 31.760 929.546 0.000 48.003 0.000 359.5 48.0 0.0 999
738.674 31.760 929.546 0.000 48.003 0.000 359.5 48.0 0.0 999
738.750 31.760 929.898 0.000 48.003 0.000 359.5 48.0 0.0 999
738.832 31.760 930.245 0.000 48.003 0.000 359.5 48.0 0.0 999
738.832 31.760 930.245 0.000 47.918 0.000 359.5 47.9 0.0 999
738.919 31.760 930.586 0.000 47.732 0.000 359.5 47.7 0.0 999
738.919 31.760 930.586 0.000 47.262 0.000 359.5 47.3 0.0 999
739.110 31.760 931.250 0.000 46.298 0.000 359.5 46.3 0.0 999
739.207 31.760 931.571 0.000 45.295 0.000 359.5 45.3 0.0 999
739.207 31.760 931.571 0.000 44.291 0.000 359.5 44.3 0.0 999
739.301 31.760 931.885 0.000 43.288 0.000 359.5 43.3 0.0 999
739.301 31.760 931.885 0.000 42.285 0.000 359.5 42.3 0.0 999
739.392 31.760 932.191 0.000 41.281 0.000 359.5 41.3 0.0 999
739.392 31.760 932.191 0.000 40.278 0.000 359.5 40.3 0.0 999
739.479 31.760 932.490 0.000 39.275 0.000 359.5 39.3 0.0 999
739.479 31.760 932.490 0.000 38.271 0.000 359.5 38.3 0.0 999
739.562 31.760 932.783 0.000 37.268 0.000 359.5 37.3 0.0 999
739.641 31.760 933.068 0.000 36.265 0.000 359.5 36.3 0.0 999
739.641 31.760 933.068 0.000 35.261 0.000 359.5 35.3 0.0 999
739.717 31.760 933.346 0.000 34.258 0.000 359.5 34.3 0.0 999
739.717 31.760 933.346 0.000 33.255 0.000 359.5 33.3 0.0 999
739.789 31.760 933.617 0.000 32.251 0.000 359.5 32.3 0.0 999
739.789 31.760 933.617 0.000 31.248 0.000 359.5 31.2 0.0 999
739.858 31.760 933.881 0.000 30.245 0.000 359.5 30.2 0.0 999
739.858 31.760 933.881 0.000 29.241 0.000 359.5 29.2 0.0 999
739.924 31.760 934.137 0.000 28.238 0.000 359.5 28.2 0.0 999
739.924 31.760 934.137 0.000 27.235 0.000 359.5 27.2 0.0 999
739.986 31.760 934.386 0.000 26.231 0.000 359.5 26.2 0.0 999
739.986 31.760 934.386 0.000 25.228 0.000 359.5 25.2 0.0 999
740.046 31.760 934.627 0.000 24.225 0.000 359.5 24.2 0.0 999
740.046 31.760 934.627 0.000 23.221 0.000 359.5 23.2 0.0 999
740.102 31.760 934.861 0.000 22.218 0.000 359.5 22.2 0.0 999
740.102 31.760 934.861 0.000 21.215 0.000 359.5 21.2 0.0 999
740.156 31.760 935.088 0.000 20.211 0.000 359.5 20.2 0.0 999
740.156 31.760 935.088 0.000 19.208 0.000 359.5 19.2 0.0 999
740.208 31.760 935.307 0.000 18.205 0.000 359.5 18.2 0.0 999
740.208 31.760 935.307 0.000 17.201 0.000 359.5 17.2 0.0 999
740.258 31.760 935.518 0.000 16.198 0.000 359.5 16.2 0.0 999
740.258 31.760 935.518 0.000 15.195 0.000 359.5 15.2 0.0 999
740.305 31.757 935.721 0.000 14.191 0.000 359.5 14.2 0.0 999
740.305 31.757 935.721 0.000 13.188 0.000 359.5 13.2 0.0 999
740.351 31.760 935.917 0.000 12.185 0.000 359.5 12.2 0.0 999
740.351 31.760 935.917 0.000 11.181 0.000 359.5 11.2 0.0 999
740.394 31.760 936.105 0.000 10.178 0.000 359.5 10.2 0.0 999
740.394 31.760 936.105 0.000 9.175 0.000 359.5 9.2 0.0 999
740.436 31.760 936.285 0.000 8.171 0.000 359.5 8.2 0.0 999
740.436 31.760 936.285 0.000 7.168 0.000 359.5 7.2 0.0 999
740.477 31.760 936.457 0.000 6.165 0.000 359.5 6.2 0.0 999
740.477 31.760 936.457 0.000 5.161 0.000 359.5 5.2 0.0 999
740.517 31.760 936.621 0.000 4.158 0.000 359.5 4.2 0.0 999
740.517 31.760 936.621 0.000 3.155 0.000 359.5 3.2 0.0 999
740.558 31.760 936.777 0.000 2.151 0.000 359.5 2.2 0.0 999
740.558 31.760 936.777 0.000 1.148 0.000 359.5 1.1 0.0 999
740.600 31.760 936.925 0.000 0.145 0.000 359.5 0.1 0.0 999
740.645 31.760 937.066 0.000 359.141 0.000 359.5 359.1 0.0 999
740.645 31.760 937.066 0.000 358.138 0.000 359.5 358.1 0.0 999
740.693 31.760 937.199 0.000 357.135 0.000 359.5 357.1 0.0 999
740.693 31.760 937.199 0.000 356.131 0.000 359.5 356.1 0.0 999
740.746 31.760 937.326 0.000 355.128 0.000 359.5 355.1 0.0 999
740.746 31.760 937.326 0.000 354.125 0.000 359.5 354.1 0.0 999
740.803 31.760 937.446 0.000 353.121 0.000 359.5 353.1 0.0 999
740.864 31.759 937.559 0.000 352.118 0.000 359.5 352.1 0.0 999
740.864 31.759 937.559 0.000 351.158 0.000 359.5 351.2 0.0 999
740.931 31.760 937.666 0.000 350.264 0.000 359.5 350.3 0.0 999
740.931 31.760 937.666 0.000 349.580 0.000 359.5 349.6 0.0 999
741.002 31.760 937.767 0.000 349.027 0.000 359.4 349.0 0.0 999
741.002 31.760 937.767 0.000 348.811 0.000 359.4 348.8 0.0 999
741.078 31.760 937.861 0.000 348.756 0.000 359.4 348.8 0.0 999
741.078 31.760 937.861 0.000 348.756 0.000 359.4 348.8 0.0 999
741.159 31.760 937.949 0.000 348.756 0.000 359.4 348.8 0.0 999
741.159 31.760 937.949 0.000 348.756 0.000 359.4 348.8 0.0 999
741.246 31.760 938.032 0.000 348.756 0.000 359.4 348.8 0.0 999
741.246 31.760 938.032 0.000 348.756 0.000 359.4 348.8 0.0 999
741.341 31.760 938.113 0.000 348.756 0.000 359.4 348.8 0.0 999
741.341 31.760 938.113 0.000 348.756 0.000 359.4 348.8 0.0 999
741.443 31.760 938.190 0.000 348.756 0.000 359.4 348.8 0.0 999
741.443 31.760 938.190 0.000 348.756 0.000 359.4 348.8 0.0 999
741.553 31.760 938.264 0.000 348.756 0.000 359.4 348.8 0.0 999
741.553 31.760 938.264 0.000 348.756 0.000 359.4 348.8 0.0 999
741.667 31.760 938.332 0.000 348.756 0.000 359.4 348.8 0.0 999
741.667 31.760 938.332 0.000 348.756 0.000 359.4 348.8 0.0 999
741.786 31.760 938.392 0.000 348.756 0.000 359.4 348.8 0.0 999
741.786 31.760 938.392 0.000 348.756 0.000 359.4 348.8 0.0 999
741.907 31.760 938.445 0.000 348.756 0.000 359.4 348.8 0.0 999
741.907 31.760 938.445 0.000 348.756 0.000 359.4 348.8 0.0 999
742.030 31.760 938.491 0.000 348.850 0.000 359.4 348.9 0.0 999
742.030 31.760 938.491 0.000 349.158 0.000 359.4 349.2 0.0 999
742.155 31.760 938.528 0.000 349.589 0.000 359.5 349.6 0.0 999
742.155 31.760 938.528 0.000 350.177 0.000 359.5 350.2 0.0 999
742.280 31.760 938.558 0.000 351.014 0.000 359.5 351.0 0.0 999
742.280 31.760 938.558 0.000 352.017 0.000 359.5 352.0 0.0 999
742.404 31.760 938.579 0.000 353.021 0.000 359.5 353.0 0.0 999
742.528 31.760 938.593 0.000 354.024 0.000 359.5 354.0 0.0 999
742.528 31.760 938.593 0.000 355.027 0.000 359.5 355.0 0.0 999
742.649 31.760 938.598 0.000 356.031 0.000 359.5 356.0 0.0 999
742.649 31.760 938.598 0.000 357.034 0.000 359.5 357.0 0.0 999
742.769 31.760 938.596 0.000 358.037 0.000 359.5 358.0 0.0 999
742.769 31.760 938.596 0.000 359.041 0.000 359.5 359.0 0.0 999
742.887 31.760 938.587 0.000 0.044 0.000 359.5 0.0 0.0 999
742.887 31.760 938.587 0.000 1.047 0.000 359.5 1.0 0.0 999
743.003 31.760 938.569 0.000 2.051 0.000 359.5 2.1 0.0 999
743.003 31.760 938.569 0.000 3.054 0.000 359.5 3.1 0.0 999
743.116 31.756 938.544 0.000 4.057 0.000 359.5 4.1 0.0 999
743.226 31.760 938.512 0.000 5.061 0.000 359.5 5.1 0.0 999
743.226 31.760 938.512 0.000 6.064 0.000 359.5 6.1 0.0 999
743.333 31.760 938.472 0.000 7.067 0.000 359.5 7.1 0.0 999
743.333 31.760 938.472 0.000 8.071 0.000 359.5 8.1 0.0 999
743.438 31.760 938.424 0.000 9.074 0.000 359.5 9.1 0.0 999
743.438 31.760 938.424 0.000 10.077 0.000 359.5 10.1 0.0 999
743.535 31.760 938.372 0.000 11.081 0.000 359.5 11.1 0.0 999
743.535 31.760 938.372 0.000 12.084 0.000 359.5 12.1 0.0 999
743.626 31.760 938.324 0.000 13.087 0.000 359.5 13.1 0.0 999
743.626 31.760 938.324 0.000 14.060 0.000 359.5 14.1 0.0 999
743.710 31.760 938.279 0.000 14.849 0.000 359.5 14.8 0.0 999
743.710 31.760 938.279 0.000 15.127 0.000 359.5 15.1 0.0 999
743.786 31.760 938.239 0.000 15.164 0.000 359.5 15.2 0.0 999
743.856 31.760 938.202 0.000 15.164 0.000 359.5 15.2 0.0 999
743.856 31.760 938.202 0.000 15.164 0.000 359.5 15.2 0.0 999
743.919 31.760 938.171 0.000 15.164 0.000 359.5 15.2 0.0 999
743.919 31.760 938.171 0.000 15.164 0.000 359.5 15.2 0.0 999
743.976 31.760 938.143 0.000 15.164 0.000 359.5 15.2 0.0 999
743.976 31.760 938.143 0.000 15.164 0.000 359.5 15.2 0.0 999
744.027 31.760 938.122 0.000 15.164 0.000 359.5 15.2 0.0 999
744.027 31.760 938.122 0.000 15.164 0.000 359.5 15.2 0.0 999
744.072 31.760 938.105 0.000 15.164 0.000 359.5 15.2 0.0 999
744.072 31.760 938.105 0.000 15.164 0.000 359.5 15.2 0.0 999
744.110 31.760 938.093 0.000 15.164 0.000 359.5 15.2 0.0 999
744.110 31.760 938.093 0.000 15.164 0.000 359.5 15.2 0.0 999
744.142 31.760 938.086 0.000 15.164 0.000 359.5 15.2 0.0 999
744.142 31.760 938.086 0.000 15.164 0.000 359.5 15.2 0.0 999
744.168 31.760 938.085 0.000 15.164 0.000 359.5 15.2 0.0 999
744.168 31.760 938.085 0.000 15.164 0.000 359.5 15.2 0.0 999
744.188 31.760 938.088 0.000 15.164 0.000 359.5 15.2 0.0 999
744.188 31.760 938.088 0.000 15.164 0.000 359.5 15.2 0.0 999
744.201 31.760 938.097 0.000 15.164 0.000 359.5 15.2 0.0 999
744.201 31.760 938.097 0.000 15.164 0.000 359.5 15.2 0.0 999
744.209 31.760 938.111 0.000 15.164 0.000 359.5 15.2 0.0 999
744.209 31.760 938.111 0.000 15.164 0.000 359.5 15.2 0.0 999
744.213 31.760 938.127 0.000 15.164 0.000 359.5 15.2 0.0 999
744.213 31.760 938.127 0.000 15.164 0.000 359.5 15.2 0.0 999
744.218 31.760 938.143 0.000 15.164 0.000 359.5 15.2 0.0 999
744.218 31.760 938.143 0.000 15.164 0.000 359.5 15.2 0.0 999
744.224 31.760 938.167 0.000 15.164 0.000 359.5 15.2 0.0 999
744.224 31.760 938.167 0.000 15.164 0.000 359.5 15.2 0.0 999
744.231 31.760 938.194 0.000 15.164 0.000 359.5 15.2 0.0 999
744.231 31.760 938.194 0.000 15.164 0.000 359.5 15.2 0.0 999
744.239 31.760 938.221 0.000 15.164 0.000 359.5 15.2 0.0 999
744.239 31.760 938.221 0.000 15.164 0.000 359.5 15.2 0.0 999
744.246 31.760 938.247 0.000 15.164 0.000 359.5 15.2 0.0 999
744.246 31.760 938.247 0.000 15.164 0.000 359.5 15.2 0.0 999
744.253 31.760 938.274 0.000 15.164 0.000 359.5 15.2 0.0 999
744.253 31.760 938.274 0.000 15.164 0.000 359.5 15.2 0.0 999
744.260 31.760 938.301 0.000 15.164 0.000 359.5 15.2 0.0 999
744.260 31.760 938.301 0.000 15.164 0.000 359.5 15.2 0.0 999
744.268 31.760 938.327 0.000 15.164 0.000 359.5 15.2 0.0 999
744.268 31.760 938.327 0.000 15.164 0.000 359.5 15.2 0.0 999
744.275 31.760 938.354 0.000 15.164 0.000 359.5 15.2 0.0 999
744.275 31.760 938.354 0.000 15.164 0.000 359.5 15.2 0.0 999
744.282 31.760 938.381 0.000 15.164 0.000 359.5 15.2 0.0 999
744.282 31.760 938.381 0.000 15.164 0.000 359.5 15.2 0.0 999
744.289 31.760 938.407 0.000 15.164 0.000 359.5 15.2 0.0 999
744.289 31.760 938.407 0.000 15.164 0.000 359.5 15.2 0.0 999
744.297 31.760 938.434 0.000 15.164 0.000 359.5 15.2 0.0 999
744.297 31.760 938.434 0.000 15.164 0.000 359.5 15.2 0.0 999
744.304 31.760 938.461 0.000 15.164 0.000 359.5 15.2 0.0 999
744.304 31.760 938.461 0.000 15.164 0.000 359.5 15.2 0.0 999
744.311 31.760 938.487 0.000 15.164 0.000 359.5 15.2 0.0 999
744.311 31.760 938.487 0.000 15.164 0.000 359.5 15.2 0.0 999
744.318 31.760 938.514 0.000 15.164 0.000 359.5 15.2 0.0 999
744.318 31.760 938.514 0.000 15.164 0.000 359.5 15.2 0.0 999
744.326 31.760 938.541 0.000 15.164 0.000 359.5 15.2 0.0 999
744.326 31.760 938.541 0.000 15.164 0.000 359.5 15.2 0.0 999
744.333 31.760 938.567 0.000 15.164 0.000 359.5 15.2 0.0 999
744.333 31.760 938.567 0.000 15.164 0.000 359.5 15.2 0.0 999
744.340 31.760 938.594 0.000 15.164 0.000 359.5 15.2 0.0 999
744.340 31.760 938.594 0.000 15.164 0.000 359.5 15.2 0.0 999
744.347 31.760 938.621 0.000 15.164 0.000 359.5 15.2 0.0 999
744.347 31.760 938.621 0.000 15.164 0.000 359.5 15.2 0.0 999
744.355 31.760 938.647 0.000 15.164 0.000 359.5 15.2 0.0 999
744.355 31.760 938.647 0.000 15.164 0.000 359.5 15.2 0.0 999
744.362 31.760 938.674 0.000 15.164 0.000 359.5 15.2 0.0 999
744.362 31.760 938.674 0.000 15.164 0.000 359.5 15.2 0.0 999
744.369 31.760 938.700 0.000 15.164 0.000 359.5 15.2 0.0 999
744.369 31.760 938.700 0.000 15.164 0.000 359.5 15.2 0.0 999
744.376 31.760 938.727 0.000 15.164 0.000 359.5 15.2 0.0 999
744.376 31.760 938.727 0.000 15.164 0.000 359.5 15.2 0.0 999
744.384 31.760 938.754 0.000 15.164 0.000 359.5 15.2 0.0 999
744.384 31.760 938.754 0.000 15.164 0.000 359.5 15.2 0.0 999
744.391 31.760 938.781 0.000 15.164 0.000 359.5 15.2 0.0 999
744.391 31.760 938.781 0.000 15.164 0.000 359.5 15.2 0.0 999
744.398 31.760 938.807 0.000 15.164 0.000 359.5 15.2 0.0 999
744.398 31.760 938.807 0.000 15.164 0.000 359.5 15.2 0.0 999
744.405 31.760 938.834 0.000 15.164 0.000 359.5 15.2 0.0 999
744.405 31.760 938.834 0.000 15.164 0.000 359.5 15.2 0.0 999
744.413 31.760 938.860 0.000 15.164 0.000 359.5 15.2 0.0 999
744.413 31.760 938.860 0.000 15.164 0.000 359.5 15.2 0.0 999
744.420 31.760 938.887 0.000 15.164 0.000 359.5 15.2 0.0 999
744.420 31.760 938.887 0.000 15.164 0.000 359.5 15.2 0.0 999
744.427 31.760 938.914 0.000 15.164 0.000 359.5 15.2 0.0 999
744.434 31.760 938.940 0.000 15.164 0.000 359.5 15.2 0.0 999
744.434 31.760 938.940 0.000 15.164 0.000 359.5 15.2 0.0 999
744.442 31.760 938.967 0.000 15.164 0.000 359.5 15.2 0.0 999
744.449 31.760 938.994 0.000 15.164 0.000 359.5 15.2 0.0 999
744.449 31.760 938.994 0.000 15.164 0.000 359.5 15.2 0.0 999
744.456 31.760 939.020 0.000 15.164 0.000 359.5 15.2 0.0 999
744.456 31.760 939.020 0.000 15.164 0.000 359.5 15.2 0.0 999
744.462 31.760 939.042 0.000 15.164 0.000 359.5 15.2 0.0 999
744.468 31.760 939.063 0.000 15.164 0.000 359.5 15.2 0.0 999
744.468 31.760 939.063 0.000 15.164 0.000 359.5 15.2 0.0 999
744.473 31.760 939.084 0.000 15.164 0.000 359.5 15.2 0.0 999
744.473 31.760 939.084 0.000 15.164 0.000 359.5 15.2 0.0 999
744.479 31.760 939.105 0.000 15.164 0.000 359.5 15.2 0.0 999
744.479 31.760 939.105 0.000 15.164 0.000 359.5 15.2 0.0 999
744.485 31.760 939.126 0.000 15.164 0.000 359.5 15.2 0.0 999
744.485 31.760 939.126 0.000 15.164 0.000 359.5 15.2 0.0 999
744.491 31.760 939.148 0.000 15.164 0.000 359.5 15.2 0.0 999
744.491 31.760 939.148 0.000 15.164 0.000 359.5 15.2 0.0 999
744.496 31.760 939.169 0.000 15.164 0.000 359.5 15.2 0.0 999
744.496 31.760 939.169 0.000 15.164 0.000 359.5 15.2 0.0 999
744.502 31.760 939.190 0.000 15.164 0.000 359.5 15.2 0.0 999
744.502 31.760 939.190 0.000 15.164 0.000 359.5 15.2 0.0 999
744.508 31.760 939.211 0.000 15.164 0.000 359.5 15.2 0.0 999
744.514 31.760 939.232 0.000 15.164 0.000 359.5 15.2 0.0 999
744.514 31.760 939.232 0.000 15.164 0.000 359.5 15.2 0.0 999
744.519 31.760 939.254 0.000 15.164 0.000 359.5 15.2 0.0 999
744.519 31.760 939.254 0.000 15.164 0.000 359.5 15.2 0.0 999
744.525 31.760 939.275 0.000 15.164 0.000 359.5 15.2 0.0 999
744.525 31.760 939.275 0.000 15.164 0.000 359.5 15.2 0.0 999
744.531 31.760 939.296 0.000 15.164 0.000 359.5 15.2 0.0 999
744.531 31.760 939.296 0.000 15.164 0.000 359.5 15.2 0.0 999
744.537 31.760 939.317 0.000 15.164 0.000 359.5 15.2 0.0 999
744.537 31.760 939.317 0.000 15.164 0.000 359.5 15.2 0.0 999
744.542 31.760 939.338 0.000 15.164 0.000 359.5 15.2 0.0 999
744.542 31.760 939.338 0.000 15.164 0.000 359.5 15.2 0.0 999
744.548 31.760 939.359 0.000 15.164 0.000 359.5 15.2 0.0 999
744.548 31.760 939.359 0.000 15.164 0.000 359.5 15.2 0.0 999
744.554 31.760 939.381 0.000 15.164 0.000 359.5 15.2 0.0 999
744.554 31.760 939.381 0.000 15.164 0.000 359.5 15.2 0.0 999
744.554 31.760 939.381 0.000 15.164 0.000 359.5 15.2 0.0 998
744.560 31.760 939.402 0.000 15.164 0.000 359.5 15.2 0.0 1000
744.565 31.760 939.423 0.000 15.164 0.000 359.5 15.2 0.0 1000
744.565 31.760 939.423 0.000 15.164 0.000 359.5 15.2 0.0 1000
744.571 31.760 939.444 0.000 15.164 0.000 359.5 15.2 0.0 1000
744.571 31.760 939.444 0.000 15.164 0.000 359.5 15.2 0.0 1000
744.577 31.760 939.465 0.000 15.164 0.000 359.5 15.2 0.0 1000
744.577 31.760 939.465 0.000 15.164 0.000 359.5 15.2 0.0 1000
744.583 31.760 939.487 0.000 15.164 0.000 359.5 15.2 0.0 1000
744.583 31.760 939.487 0.000 15.164 0.000 359.5 15.2 0.0 1000
744.589 31.760 939.508 0.000 15.164 0.000 359.5 15.2 0.0 1000
744.589 31.760 939.508 0.000 15.164 0.000 359.5 15.2 0.0 1000
744.594 31.760 939.529 0.000 15.164 0.000 359.5 15.2 0.0 1000
744.594 31.760 939.529 0.000 15.164 0.000 359.5 15.2 0.0 1000
744.600 31.760 939.550 0.000 15.164 0.000 359.5 15.2 0.0 1000
744.600 31.760 939.550 0.000 15.164 0.000 359.5 15.2 0.0 1000
744.606 31.760 939.571 0.000 15.164 0.000 359.5 15.2 0.0 1000
744.606 31.760 939.571 0.000 15.164 0.000 359.5 15.2 0.0 1000
744.612 31.760 939.593 0.000 15.164 0.000 359.5 15.2 0.0 1000
744.612 31.760 939.593 0.000 15.164 0.000 359.5 15.2 0.0 1000
744.617 31.760 939.614 0.000 15.164 0.000 359.5 15.2 0.0 1000
744.617 31.760 939.614 0.000 15.164 0.000 359.5 15.2 0.0 1000
744.623 31.760 939.635 0.000 15.164 0.000 359.5 15.2 0.0 1000
744.623 31.760 939.635 0.000 15.164 0.000 359.5 15.2 0.0 1000
744.629 31.760 939.656 0.000 15.164 0.000 359.5 15.2 0.0 1000
744.629 31.760 939.656 0.000 15.164 0.000 359.5 15.2 0.0 1000
744.635 31.760 939.677 0.000 15.164 0.000 359.5 15.2 0.0 1000
744.635 31.760 939.677 0.000 15.164 0.000 359.5 15.2 0.0 1000
744.640 31.760 939.698 0.000 15.164 0.000 359.5 15.2 0.0 1000
744.640 31.760 939.698 0.000 15.164 0.000 359.5 15.2 0.0 1000
744.646 31.760 939.720 0.000 15.164 0.000 359.5 15.2 0.0 1000
744.646 31.760 939.720 0.000 15.164 0.000 359.5 15.2 0.0 1000
744.652 31.760 939.741 0.000 15.164 0.000 359.5 15.2 0.0 1000
744.652 31.760 939.741 0.000 15.164 0.000 359.5 15.2 0.0 1000
744.658 31.760 939.762 0.000 15.164 0.000 359.5 15.2 0.0 1000
744.658 31.760 939.762 0.000 15.164 0.000 359.5 15.2 0.0 1000
744.663 31.760 939.783 0.000 15.164 0.000 359.5 15.2 0.0 1000
744.663 31.760 939.783 0.000 15.164 0.000 359.5 15.2 0.0 1000
744.669 31.760 939.804 0.000 15.164 0.000 359.5 15.2 0.0 1000
744.669 31.760 939.804 0.000 15.164 0.000 359.5 15.2 0.0 1000
744.675 31.760 939.825 0.000 15.164 0.000 359.5 15.2 0.0 1000
744.675 31.760 939.825 0.000 15.164 0.000 359.5 15.2 0.0 1000
744.681 31.760 939.847 0.000 15.164 0.000 359.5 15.2 0.0 1000
744.681 31.760 939.847 0.000 15.164 0.000 359.5 15.2 0.0 1000
744.686 31.760 939.868 0.000 15.164 0.000 359.5 15.2 0.0 1000
744.690 31.760 939.881 0.000 15.164 0.000 359.5 15.2 0.0 1000
744.690 31.760 939.881 0.000 15.164 0.000 359.5 15.2 0.0 1000
744.692 31.760 939.887 0.000 15.164 0.000 359.5 15.2 0.0 1000
744.692 31.760 939.887 0.000 15.164 0.000 359.5 15.2 0.0 1000
744.691 31.760 939.885 0.000 15.164 0.000 359.5 15.2 0.0 1000
744.691 31.760 939.885 0.000 15.164 0.000 359.5 15.2 0.0 1000
744.689 31.760 939.875 0.000 15.164 0.000 359.5 15.2 0.0 1000
744.689 31.760 939.875 0.000 15.164 0.000 359.5 15.2 0.0 1000
744.684 31.760 939.858 0.000 15.164 0.000 359.5 15.2 0.0 1000
744.684 31.760 939.858 0.000 15.164 0.000 359.5 15.2 0.0 1000
744.677 31.760 939.832 0.000 15.164 0.000 359.5 15.2 0.0 1000
744.677 31.760 939.832 0.000 15.164 0.000 359.5 15.2 0.0 1000
744.668 31.760 939.800 0.000 15.164 0.000 359.5 15.2 0.0 1000
744.668 31.760 939.800 0.000 15.164 0.000 359.5 15.2 0.0 1000
744.657 31.760 939.759 0.000 15.164 0.000 359.5 15.2 0.0 1000
744.657 31.760 939.759 0.000 15.164 0.000 359.5 15.2 0.0 1000
744.644 31.760 939.711 0.000 15.164 0.000 359.5 15.2 0.0 1000
744.644 31.760 939.711 0.000 15.164 0.000 359.5 15.2 0.0 1000
744.629 31.760 939.655 0.000 15.164 0.000 359.5 15.2 0.0 1000
744.629 31.760 939.655 0.000 15.164 0.000 359.5 15.2 0.0 1000
744.612 31.760 939.591 0.000 15.164 0.000 359.5 15.2 0.0 1000
744.612 31.760 939.591 0.000 15.164 0.000 359.5 15.2 0.0 1000
744.592 31.760 939.520 0.000 15.164 0.000 359.5 15.2 0.0 1000
744.592 31.760 939.520 0.000 15.164 0.000 359.5 15.2 0.0 1000
744.571 31.760 939.440 0.000 15.164 0.000 359.5 15.2 0.0 1000
744.571 31.760 939.440 0.000 15.164 0.000 359.5 15.2 0.0 1000
744.548 31.760 939.354 0.000 15.164 0.000 359.5 15.2 0.0 1000
744.548 31.760 939.354 0.000 15.164 0.000 359.5 15.2 0.0 1000
744.522 31.760 939.259 0.000 15.164 0.000 359.5 15.2 0.0 1000
744.522 31.760 939.259 0.000 15.164 0.000 359.5 15.2 0.0 1000
744.494 31.760 939.157 0.000 15.164 0.000 359.5 15.2 0.0 1000
744.494 31.760 939.157 0.000 15.164 0.000 359.5 15.2 0.0 1000
744.464 31.760 939.047 0.000 15.164 0.000 359.5 15.2 0.0 1000
744.464 31.760 939.047 0.000 15.164 0.000 359.5 15.2 0.0 1000
744.433 31.760 938.929 0.000 15.164 0.000 359.5 15.2 0.0 1000
744.433 31.760 938.929 0.000 15.164 0.000 359.5 15.2 0.0 1000
744.399 31.760 938.803 0.000 15.164 0.000 359.5 15.2 0.0 1000
744.399 31.760 938.803 0.000 15.164 0.000 359.5 15.2 0.0 1000
744.363 31.760 938.670 0.000 15.164 0.000 359.5 15.2 0.0 1000
744.363 31.760 938.670 0.000 15.164 0.000 359.5 15.2 0.0 1000
744.324 31.760 938.529 0.000 15.164 0.000 359.5 15.2 0.0 1000
744.324 31.760 938.529 0.000 15.164 0.000 359.5 15.2 0.0 1000
744.284 31.760 938.381 0.000 15.164 0.000 359.5 15.2 0.0 1000
744.284 31.760 938.381 0.000 15.164 0.000 359.5 15.2 0.0 1000
744.246 31.760 938.240 0.000 15.164 0.000 359.5 15.2 0.0 1000
744.246 31.760 938.240 0.000 15.164 0.000 359.5 15.2 0.0 1000
744.210 31.760 938.107 0.000 15.164 0.000 359.5 15.2 0.0 1000
744.210 31.760 938.107 0.000 15.164 0.000 359.5 15.2 0.0 1000
744.176 31.760 937.981 0.000 15.164 0.000 359.5 15.2 0.0 1000
744.176 31.760 937.981 0.000 15.164 0.000 359.5 15.2 0.0 1000
744.144 31.760 937.864 0.000 15.164 0.000 359.5 15.2 0.0 1000
744.144 31.760 937.864 0.000 15.164 0.000 359.5 15.2 0.0 1000
744.115 31.760 937.754 0.000 15.164 0.000 359.5 15.2 0.0 1000
744.115 31.760 937.754 0.000 15.164 0.000 359.5 15.2 0.0 1000
744.087 31.760 937.652 0.000 15.164 0.000 359.5 15.2 0.0 1000
744.087 31.760 937.652 0.000 15.164 0.000 359.5 15.2 0.0 1000
744.061 31.759 937.557 0.000 15.164 0.000 359.5 15.2 0.0 1000
744.061 31.759 937.557 0.000 15.164 0.000 359.5 15.2 0.0 1000
744.038 31.760 937.470 0.000 15.164 0.000 359.5 15.2 0.0 1000
744.038 31.760 937.470 0.000 15.164 0.000 359.5 15.2 0.0 1000
744.016 31.760 937.391 0.000 15.164 0.000 359.5 15.2 0.0 1000
744.016 31.760 937.391 0.000 15.164 0.000 359.5 15.2 0.0 1000
743.997 31.760 937.320 0.000 15.164 0.000 359.5 15.2 0.0 1000
743.997 31.760 937.320 0.000 15.164 0.000 359.5 15.2 0.0 1000
743.980 31.760 937.257 0.000 15.164 0.000 359.5 15.2 0.0 1000
743.980 31.760 937.257 0.000 15.164 0.000 359.5 15.2 0.0 1000
743.965 31.760 937.201 0.000 15.164 0.000 359.5 15.2 0.0 1000
743.965 31.760 937.201 0.000 15.164 0.000 359.5 15.2 0.0 1000
743.950 31.760 937.146 0.000 15.164 0.000 359.5 15.2 0.0 1000
743.950 31.760 937.146 0.000 15.164 0.000 359.5 15.2 0.0 1000
743.935 31.760 937.091 0.000 15.164 0.000 359.5 15.2 0.0 1000
743.935 31.760 937.091 0.000 15.164 0.000 359.5 15.2 0.0 1000
743.920 31.760 937.036 0.000 15.164 0.000 359.5 15.2 0.0 1000
743.905 31.760 936.981 0.000 15.164 0.000 359.5 15.2 0.0 1000
743.905 31.760 936.981 0.000 15.164 0.000 359.5 15.2 0.0 1000
743.890 31.760 936.926 0.000 15.164 0.000 359.5 15.2 0.0 1000
743.890 31.760 936.926 0.000 15.164 0.000 359.5 15.2 0.0 1000
743.875 31.760 936.871 0.000 15.164 0.000 359.5 15.2 0.0 1000
743.875 31.760 936.871 0.000 15.164 0.000 359.5 15.2 0.0 1000
743.860 31.760 936.816 0.000 15.164 0.000 359.5 15.2 0.0 1000
743.860 31.760 936.816 0.000 15.164 0.000 359.5 15.2 0.0 1000
743.846 31.760 936.761 0.000 15.164 0.000 359.5 15.2 0.0 1000
743.846 31.760 936.761 0.000 15.164 0.000 359.5 15.2 0.0 1000
743.831 31.760 936.706 0.000 15.164 0.000 359.5 15.2 0.0 1000
743.831 31.760 936.706 0.000 15.164 0.000 359.5 15.2 0.0 1000
743.816 31.760 936.651 0.000 15.164 0.000 359.5 15.2 0.0 1000
743.816 31.760 936.651 0.000 15.164 0.000 359.5 15.2 0.0 1000
743.801 31.760 936.596 0.000 15.164 0.000 359.5 15.2 0.0 1000
743.786 31.760 936.541 0.000 15.164 0.000 359.5 15.2 0.0 1000
743.786 31.760 936.541 0.000 15.164 0.000 359.5 15.2 0.0 1000
743.771 31.760 936.486 0.000 15.164 0.000 359.5 15.2 0.0 1000
743.771 31.760 936.486 0.000 15.164 0.000 359.5 15.2 0.0 1000
743.756 31.760 936.431 0.000 15.164 0.000 359.5 15.2 0.0 1000
743.756 31.760 936.431 0.000 15.164 0.000 359.5 15.2 0.0 1000
743.744 31.760 936.384 0.000 15.164 0.000 359.5 15.2 0.0 1000
743.744 31.760 936.384 0.000 15.164 0.000 359.5 15.2 0.0 1000
743.729 31.760 936.329 0.000 15.164 0.000 359.5 15.2 0.0 1000
743.729 31.760 936.329 0.000 15.164 0.000 359.5 15.2 0.0 1000
743.714 31.760 936.274 0.000 15.164 0.000 359.5 15.2 0.0 1000
743.714 31.760 936.274 0.000 15.164 0.000 359.5 15.2 0.0 1000
743.699 31.760 936.219 0.000 15.164 0.000 359.5 15.2 0.0 1000
743.699 31.760 936.219 0.000 15.164 0.000 359.5 15.2 0.0 1000
743.699 31.760 936.219 0.000 15.164 0.000 359.5 15.2 0.0 1000
743.684 31.760 936.164 0.000 15.164 0.000 359.5 15.2 0.0 1000
743.669 31.760 936.109 0.000 15.164 0.000 359.5 15.2 0.0 1000
743.669 31.760 936.109 0.000 15.164 0.000 359.5 15.2 0.0 1000
743.654 31.760 936.054 0.000 15.164 0.000 359.5 15.2 0.0 1000
743.654 31.760 936.054 0.000 15.164 0.000 359.5 15.2 0.0 1000
743.639 31.760 935.999 0.000 15.164 0.000 359.5 15.2 0.0 1000
743.639 31.760 935.999 0.000 15.164 0.000 359.5 15.2 0.0 1000
743.625 31.760 935.944 0.000 15.164 0.000 359.5 15.2 0.0 1000
743.625 31.760 935.944 0.000 15.164 0.000 359.5 15.2 0.0 1000
743.610 31.760 935.889 0.000 15.164 0.000 359.5 15.2 0.0 1000
743.610 31.760 935.889 0.000 15.164 0.000 359.5 15.2 0.0 1000
743.595 31.760 935.834 0.000 15.164 0.000 359.5 15.2 0.0 1000
743.595 31.760 935.834 0.000 15.164 0.000 359.5 15.2 0.0 1000
743.580 31.760 935.780 0.000 15.164 0.000 359.5 15.2 0.0 1000
743.580 31.760 935.780 0.000 15.164 0.000 359.5 15.2 0.0 1000
743.565 31.760 935.725 0.000 15.164 0.000 359.5 15.2 0.0 1000
743.565 31.760 935.725 0.000 15.164 0.000 359.5 15.2 0.0 1000
743.550 31.760 935.670 0.000 15.164 0.000 359.5 15.2 0.0 1000
743.550 31.760 935.670 0.000 15.164 0.000 359.5 15.2 0.0 1000
743.535 31.760 935.615 0.000 15.164 0.000 359.5 15.2 0.0 1000
743.535 31.760 935.615 0.000 15.164 0.000 359.5 15.2 0.0 1000
743.520 31.760 935.560 0.000 15.164 0.000 359.5 15.2 0.0 1000
743.506 31.760 935.505 0.000 15.164 0.000 359.5 15.2 0.0 1000
743.506 31.760 935.505 0.000 15.164 0.000 359.5 15.2 0.0 1000
743.491 31.760 935.450 0.000 15.164 0.000 359.5 15.2 0.0 1000
743.491 31.760 935.450 0.000 15.164 0.000 359.5 15.2 0.0 1000
743.476 31.760 935.395 0.000 15.164 0.000 359.5 15.2 0.0 1000
743.476 31.760 935.395 0.000 15.164 0.000 359.5 15.2 0.0 1000
743.461 31.760 935.340 0.000 15.164 0.000 359.5 15.2 0.0 1000
743.461 31.760 935.340 0.000 15.164 0.000 359.5 15.2 0.0 1000
743.446 31.760 935.285 0.000 15.164 0.000 359.5 15.2 0.0 1000
743.446 31.760 935.285 0.000 15.164 0.000 359.5 15.2 0.0 1000
743.431 31.760 935.230 0.000 15.164 0.000 359.5 15.2 0.0 1000
743.431 31.760 935.230 0.000 15.164 0.000 359.5 15.2 0.0 1000
743.416 31.760 935.175 0.000 15.164 0.000 359.5 15.2 0.0 1000
743.416 31.760 935.175 0.000 15.164 0.000 359.5 15.2 0.0 1000
743.401 31.760 935.120 0.000 15.164 0.000 359.5 15.2 0.0 1000
743.401 31.760 935.120 0.000 15.164 0.000 359.5 15.2 0.0 1000
743.387 31.760 935.065 0.000 15.164 0.000 359.5 15.2 0.0 1000
743.387 31.760 935.065 0.000 15.164 0.000 359.5 15.2 0.0 1000
743.372 31.760 935.010 0.000 15.164 0.000 359.5 15.2 0.0 1000
743.372 31.760 935.010 0.000 15.164 0.000 359.5 15.2 0.0 1000
743.357 31.760 934.955 0.000 15.164 0.000 359.5 15.2 0.0 1000
743.357 31.760 934.955 0.000 15.164 0.000 359.5 15.2 0.0 1000
743.342 31.751 934.900 0.000 15.164 0.000 359.5 15.2 0.0 1000
743.342 31.751 934.900 0.000 15.164 0.000 359.5 15.2 0.0 1000
743.327 31.756 934.845 0.000 15.164 0.000 359.5 15.2 0.0 1000
743.327 31.756 934.845 0.000 15.164 0.000 359.5 15.2 0.0 1000
743.312 31.759 934.791 0.000 15.164 0.000 359.5 15.2 0.0 1000
743.312 31.759 934.791 0.000 15.164 0.000 359.5 15.2 0.0 1000
743.298 31.760 934.736 0.000 15.164 0.000 359.5 15.2 0.0 1000
743.298 31.760 934.736 0.000 15.164 0.000 359.5 15.2 0.0 1000
743.283 31.760 934.682 0.000 15.164 0.000 359.5 15.2 0.0 1000
743.283 31.760 934.682 0.000 15.164 0.000 359.5 15.2 0.0 1000
743.268 31.760 934.627 0.000 15.164 0.000 359.5 15.2 0.0 1000
743.268 31.760 934.627 0.000 15.164 0.000 359.5 15.2 0.0 1000
743.253 31.760 934.572 0.000 15.164 0.000 359.5 15.2 0.0 1000
743.253 31.760 934.572 0.000 15.164 0.000 359.5 15.2 0.0 1000
743.238 31.760 934.517 0.000 15.164 0.000 359.5 15.2 0.0 1000
743.238 31.760 934.517 0.000 15.164 0.000 359.5 15.2 0.0 1000
743.223 31.760 934.462 0.000 15.164 0.000 359.5 15.2 0.0 1000
743.208 31.760 934.407 0.000 15.164 0.000 359.5 15.2 0.0 1000
743.208 31.760 934.407 0.000 15.164 0.000 359.5 15.2 0.0 1000
743.194 31.760 934.352 0.000 15.164 0.000 359.5 15.2 0.0 1000
743.194 31.760 934.352 0.000 15.164 0.000 359.5 15.2 0.0 1000
743.179 31.760 934.297 0.000 15.164 0.000 359.5 15.2 0.0 1000
743.179 31.760 934.297 0.000 15.164 0.000 359.5 15.2 0.0 1000
743.164 31.760 934.242 0.000 15.164 0.000 359.5 15.2 0.0 1000
743.164 31.760 934.242 0.000 15.164 0.000 359.5 15.2 0.0 1000
743.149 31.760 934.187 0.000 15.164 0.000 359.5 15.2 0.0 1000
743.149 31.760 934.187 0.000 15.164 0.000 359.5 15.2 0.0 1000
743.134 31.760 934.132 0.000 15.164 0.000 359.5 15.2 0.0 1000
743.134 31.760 934.132 0.000 15.164 0.000 359.5 15.2 0.0 1000
743.119 31.760 934.077 0.000 15.164 0.000 359.5 15.2 0.0 1000
743.119 31.760 934.077 0.000 15.164 0.000 359.5 15.2 0.0 1000
743.104 31.760 934.022 0.000 15.164 0.000 359.5 15.2 0.0 1000
743.104 31.760 934.022 0.000 15.164 0.000 359.5 15.2 0.0 1000
743.089 31.760 933.967 0.000 15.164 0.000 359.5 15.2 0.0 1000
743.089 31.760 933.967 0.000 15.164 0.000 359.5 15.2 0.0 1000
743.075 31.760 933.912 0.000 15.164 0.000 359.5 15.2 0.0 1000
743.075 31.760 933.912 0.000 15.164 0.000 359.5 15.2 0.0 1000
743.060 31.760 933.857 0.000 15.164 0.000 359.5 15.2 0.0 1000
743.060 31.760 933.857 0.000 15.164 0.000 359.5 15.2 0.0 1000
743.045 31.760 933.802 0.000 15.164 0.000 359.5 15.2 0.0 1000
743.045 31.760 933.802 0.000 15.164 0.000 359.5 15.2 0.0 1000
743.030 31.760 933.747 0.000 15.164 0.000 359.5 15.2 0.0 1000
743.030 31.760 933.747 0.000 15.164 0.000 359.5 15.2 0.0 1000
743.015 31.754 933.692 0.000 15.164 0.000 359.5 15.2 0.0 1000
743.015 31.754 933.692 0.000 15.164 0.000 359.5 15.2 0.0 1000
743.000 31.760 933.638 0.000 15.164 0.000 359.5 15.2 0.0 1000
743.000 31.760 933.638 0.000 15.164 0.000 359.5 15.2 0.0 1000
742.986 31.760 933.584 0.000 15.164 0.000 359.5 15.2 0.0 1000
742.986 31.760 933.584 0.000 15.164 0.000 359.5 15.2 0.0 1000
742.971 31.760 933.529 0.000 15.164 0.000 359.5 15.2 0.0 1000
742.971 31.760 933.529 0.000 15.164 0.000 359.5 15.2 0.0 1000
742.956 31.760 933.474 0.000 15.164 0.000 359.5 15.2 0.0 1000
742.956 31.760 933.474 0.000 15.164 0.000 359.5 15.2 0.0 1000
742.941 31.760 933.419 0.000 15.164 0.000 359.5 15.2 0.0 1000
742.926 31.760 933.364 0.000 15.164 0.000 359.5 15.2 0.0 1000
742.926 31.760 933.364 0.000 15.164 0.000 359.5 15.2 0.0 1000
742.911 31.760 933.309 0.000 15.164 0.000 359.5 15.2 0.0 1000
742.911 31.760 933.309 0.000 15.164 0.000 359.5 15.2 0.0 1000
742.897 31.760 933.254 0.000 15.164 0.000 359.5 15.2 0.0 1000
742.897 31.760 933.254 0.000 15.164 0.000 359.5 15.2 0.0 1000
742.882 31.760 933.199 0.000 15.164 0.000 359.5 15.2 0.0 1000
742.882 31.760 933.199 0.000 15.164 0.000 359.5 15.2 0.0 1000
742.867 31.760 933.144 0.000 15.164 0.000 359.5 15.2 0.0 1000
742.852 31.760 933.090 0.000 15.164 0.000 359.5 15.2 0.0 1000
742.852 31.760 933.090 0.000 15.164 0.000 359.5 15.2 0.0 1000
742.837 31.760 933.035 0.000 15.164 0.000 359.5 15.2 0.0 1000
742.837 31.760 933.035 0.000 15.164 0.000 359.5 15.2 0.0 1000
742.822 31.760 932.980 0.000 15.164 0.000 359.5 15.2 0.0 1000
742.822 31.760 932.980 0.000 15.164 0.000 359.5 15.2 0.0 1000
742.807 31.760 932.925 0.000 15.164 0.000 359.5 15.2 0.0 1000
742.807 31.760 932.925 0.000 15.164 0.000 359.5 15.2 0.0 1000
742.792 31.760 932.870 0.000 15.164 0.000 359.5 15.2 0.0 1000
742.792 31.760 932.870 0.000 15.164 0.000 359.5 15.2 0.0 1000
742.778 31.760 932.815 0.000 15.164 0.000 359.5 15.2 0.0 1000
742.778 31.760 932.815 0.000 15.164 0.000 359.5 15.2 0.0 1000
742.763 31.760 932.760 0.000 15.164 0.000 359.5 15.2 0.0 1000
742.763 31.760 932.760 0.000 15.164 0.000 359.5 15.2 0.0 1000
742.748 31.760 932.705 0.000 15.164 0.000 359.5 15.2 0.0 1000
742.748 31.760 932.705 0.000 15.164 0.000 359.5 15.2 0.0 1000
742.733 31.760 932.650 0.000 15.164 0.000 359.5 15.2 0.0 1000
742.733 31.760 932.650 0.000 15.164 0.000 359.5 15.2 0.0 1000
742.718 31.760 932.595 0.000 15.164 0.000 359.5 15.2 0.0 1000
742.718 31.760 932.595 0.000 15.164 0.000 359.5 15.2 0.0 1000
742.703 31.760 932.540 0.000 15.164 0.000 359.5 15.2 0.0 1000
742.703 31.760 932.540 0.000 15.164 0.000 359.5 15.2 0.0 1000
742.688 31.760 932.485 0.000 15.164 0.000 359.5 15.2 0.0 1000
742.688 31.760 932.485 0.000 15.164 0.000 359.5 15.2 0.0 1000
742.674 31.760 932.430 0.000 15.164 0.000 359.5 15.2 0.0 1000
742.659 31.760 932.375 0.000 15.164 0.000 359.5 15.2 0.0 1000
742.659 31.760 932.375 0.000 15.164 0.000 359.5 15.2 0.0 1000
742.644 31.760 932.320 0.000 15.164 0.000 359.5 15.2 0.0 1000
742.644 31.760 932.320 0.000 15.164 0.000 359.5 15.2 0.0 1000
742.629 31.760 932.265 0.000 15.164 0.000 359.5 15.2 0.0 1000
742.629 31.760 932.265 0.000 15.164 0.000 359.5 15.2 0.0 1000
742.614 31.760 932.210 0.000 15.164 0.000 359.5 15.2 0.0 1000
742.614 31.760 932.210 0.000 15.164 0.000 359.5 15.2 0.0 1000
742.599 31.760 932.155 0.000 15.164 0.000 359.5 15.2 0.0 1000
742.599 31.760 932.155 0.000 15.164 0.000 359.5 15.2 0.0 1000
742.584 31.760 932.100 0.000 15.164 0.000 359.5 15.2 0.0 1000
742.584 31.760 932.100 0.000 15.164 0.000 359.5 15.2 0.0 1000
742.569 31.760 932.045 0.000 15.164 0.000 359.5 15.2 0.0 1000
742.569 31.760 932.045 0.000 15.164 0.000 359.5 15.2 0.0 1000
742.555 31.760 931.990 0.000 15.164 0.000 359.5 15.2 0.0 1000
742.555 31.760 931.990 0.000 15.164 0.000 359.5 15.2 0.0 1000
742.540 31.760 931.935 0.000 15.164 0.000 359.5 15.2 0.0 1000
742.540 31.760 931.935 0.000 15.164 0.000 359.5 15.2 0.0 1000
742.525 31.760 931.880 0.000 15.164 0.000 359.5 15.2 0.0 1000
742.525 31.760 931.880 0.000 15.164 0.000 359.5 15.2 0.0 1000
742.510 31.760 931.825 0.000 15.164 0.000 359.5 15.2 0.0 1000
742.510 31.760 931.825 0.000 15.164 0.000 359.5 15.2 0.0 1000
742.495 31.760 931.770 0.000 15.164 0.000 359.5 15.2 0.0 1000
742.495 31.760 931.770 0.000 15.164 0.000 359.5 15.2 0.0 1000
742.480 31.760 931.716 0.000 15.164 0.000 359.5 15.2 0.0 1000
742.480 31.760 931.716 0.000 15.164 0.000 359.5 15.2 0.0 1000
742.465 31.760 931.661 0.000 15.164 0.000 359.5 15.2 0.0 1000
742.465 31.760 931.661 0.000 15.164 0.000 359.5 15.2 0.0 1000
742.450 31.760 931.606 0.000 15.164 0.000 359.5 15.2 0.0 1000
742.450 31.760 931.606 0.000 15.164 0.000 359.5 15.2 0.0 1000
742.436 31.760 931.551 0.000 15.164 0.000 359.5 15.2 0.0 1000
742.421 31.760 931.496 0.000 15.164 0.000 359.5 15.2 0.0 1000
742.421 31.760 931.496 0.000 15.164 0.000 359.5 15.2 0.0 1000
742.421 31.760 931.496 0.000 15.164 0.000 359.5 15.2 0.0 1000
742.406 31.760 931.441 0.000 15.164 0.000 359.5 15.2 0.0 1000
742.406 31.760 931.441 0.000 15.164 0.000 359.5 15.2 0.0 1000
742.391 31.760 931.386 0.000 15.164 0.000 359.5 15.2 0.0 1000
742.376 31.760 931.331 0.000 15.164 0.000 359.5 15.2 0.0 1000
742.376 31.760 931.331 0.000 15.164 0.000 359.5 15.2 0.0 1000
742.361 31.760 931.276 0.000 15.164 0.000 359.5 15.2 0.0 1000
742.361 31.760 931.276 0.000 15.164 0.000 359.5 15.2 0.0 1000
742.346 31.760 931.221 0.000 15.164 0.000 359.5 15.2 0.0 1000
742.346 31.760 931.221 0.000 15.164 0.000 359.5 15.2 0.0 1000
742.332 31.760 931.166 0.000 15.164 0.000 359.5 15.2 0.0 1000
742.332 31.760 931.166 0.000 15.164 0.000 359.5 15.2 0.0 1000
742.317 31.760 931.111 0.000 15.164 0.000 359.5 15.2 0.0 1000
742.317 31.760 931.111 0.000 15.164 0.000 359.5 15.2 0.0 1000
742.302 31.760 931.056 0.000 15.164 0.000 359.5 15.2 0.0 1000
742.302 31.760 931.056 0.000 15.164 0.000 359.5 15.2 0.0 1000
742.287 31.760 931.001 0.000 15.164 0.000 359.5 15.2 0.0 1000
742.287 31.760 931.001 0.000 15.164 0.000 359.5 15.2 0.0 1000
742.272 31.751 930.946 0.000 15.164 0.000 359.5 15.2 0.0 1000
742.272 31.751 930.946 0.000 15.164 0.000 359.5 15.2 0.0 1000
742.257 31.754 930.891 0.000 15.164 0.000 359.5 15.2 0.0 1000
742.257 31.754 930.891 0.000 15.164 0.000 359.5 15.2 0.0 1000
742.242 31.756 930.837 0.000 15.164 0.000 359.5 15.2 0.0 1000
742.228 31.758 930.782 0.000 15.164 0.000 359.5 15.2 0.0 1000
742.228 31.758 930.782 0.000 15.164 0.000 359.5 15.2 0.0 1000
742.213 31.759 930.727 0.000 15.164 0.000 359.5 15.2 0.0 1000
742.213 31.759 930.727 0.000 15.164 0.000 359.5 15.2 0.0 1000
742.198 31.760 930.672 0.000 15.164 0.000 359.5 15.2 0.0 1000
742.198 31.760 930.672 0.000 15.164 0.000 359.5 15.2 0.0 1000
742.183 31.760 930.617 0.000 15.164 0.000 359.5 15.2 0.0 1000
742.183 31.760 930.617 0.000 15.164 0.000 359.5 15.2 0.0 1000
742.168 31.760 930.562 0.000 15.164 0.000 359.5 15.2 0.0 1000
742.168 31.760 930.562 0.000 15.164 0.000 359.5 15.2 0.0 1000
742.168 31.760 930.562 0.000 15.164 0.000 359.5 15.2 0.0 1000
742.153 31.760 930.507 0.000 15.164 0.000 359.5 15.2 0.0 1000
742.138 31.760 930.452 0.000 15.164 0.000 359.5 15.2 0.0 1000
742.138 31.760 930.452 0.000 15.164 0.000 359.5 15.2 0.0 1000
742.123 31.760 930.397 0.000 15.164 0.000 359.5 15.2 0.0 1000
742.123 31.760 930.397 0.000 15.164 0.000 359.5 15.2 0.0 1000
742.109 31.760 930.342 0.000 15.164 0.000 359.5 15.2 0.0 1000
742.109 31.760 930.342 0.000 15.164 0.000 359.5 15.2 0.0 1000
742.094 31.760 930.287 0.000 15.164 0.000 359.5 15.2 0.0 1000
742.094 31.760 930.287 0.000 15.164 0.000 359.5 15.2 0.0 1000
742.079 31.760 930.232 0.000 15.164 0.000 359.5 15.2 0.0 1000
742.079 31.760 930.232 0.000 15.164 0.000 359.5 15.2 0.0 1000
742.064 31.760 930.177 0.000 15.164 0.000 359.5 15.2 0.0 1000
742.064 31.760 930.177 0.000 15.164 0.000 359.5 15.2 0.0 1000
742.049 31.760 930.122 0.000 15.164 0.000 359.5 15.2 0.0 1000
742.049 31.760 930.122 0.000 15.164 0.000 359.5 15.2 0.0 1000
742.034 31.760 930.067 0.000 15.164 0.000 359.5 15.2 0.0 1000
742.034 31.760 930.067 0.000 15.164 0.000 359.5 15.2 0.0 1000
742.019 31.760 930.013 0.000 15.164 0.000 359.5 15.2 0.0 1000
742.004 31.760 929.958 0.000 15.164 0.000 359.5 15.2 0.0 1000
742.004 31.760 929.958 0.000 15.164 0.000 359.5 15.2 0.0 1000
741.990 31.760 929.903 0.000 15.164 0.000 359.5 15.2 0.0 1000
741.990 31.760 929.903 0.000 15.164 0.000 359.5 15.2 0.0 1000
741.975 31.760 929.848 0.000 15.164 0.000 359.5 15.2 0.0 1000
741.975 31.760 929.848 0.000 15.164 0.000 359.5 15.2 0.0 1000
741.960 31.753 929.793 0.000 15.164 0.000 359.5 15.2 0.0 1000
741.960 31.753 929.793 0.000 15.164 0.000 359.5 15.2 0.0 1000
741.960 31.753 929.793 0.000 15.164 0.000 359.5 15.2 0.0 1000
741.945 31.760 929.738 0.000 15.164 0.000 359.5 15.2 0.0 1000
741.945 31.760 929.738 0.000 15.164 0.000 359.5 15.2 0.0 1000
741.931 31.760 929.685 0.000 15.164 0.000 359.5 15.2 0.0 1000
741.916 31.760 929.630 0.000 15.164 0.000 359.5 15.2 0.0 1000
741.916 31.760 929.630 0.000 15.164 0.000 359.5 15.2 0.0 1000
741.901 31.760 929.575 0.000 15.164 0.000 359.5 15.2 0.0 1000
741.901 31.760 929.575 0.000 15.164 0.000 359.5 15.2 0.0 1000
741.886 31.753 929.520 0.000 15.164 0.000 359.5 15.2 0.0 1000
741.886 31.753 929.520 0.000 15.164 0.000 359.5 15.2 0.0 1000
741.871 31.758 929.465 0.000 15.164 0.000 359.5 15.2 0.0 1000
741.871 31.758 929.465 0.000 15.164 0.000 359.5 15.2 0.0 1000
741.856 31.760 929.411 0.000 15.164 0.000 359.5 15.2 0.0 1000
741.856 31.760 929.411 0.000 15.164 0.000 359.5 15.2 0.0 1000
741.842 31.760 929.356 0.000 15.164 0.000 359.5 15.2 0.0 1000
741.842 31.760 929.356 0.000 15.164 0.000 359.5 15.2 0.0 1000
741.827 31.760 929.301 0.000 15.164 0.000 359.5 15.2 0.0 1000
741.827 31.760 929.301 0.000 15.164 0.000 359.5 15.2 0.0 1000
741.812 31.760 929.246 0.000 15.164 0.000 359.5 15.2 0.0 1000
741.812 31.760 929.246 0.000 15.164 0.000 359.5 15.2 0.0 1000
741.797 31.760 929.191 0.000 15.164 0.000 359.5 15.2 0.0 1000
741.797 31.760 929.191 0.000 15.164 0.000 359.5 15.2 0.0 1000
741.784 31.760 929.144 0.000 15.164 0.000 359.5 15.2 0.0 1000
741.784 31.760 929.144 0.000 15.164 0.000 359.5 15.2 0.0 1000
741.774 31.760 929.104 0.000 15.164 0.000 359.5 15.2 0.0 1000
741.774 31.760 929.104 0.000 15.164 0.000 359.5 15.2 0.0 1000
741.765 31.760 929.072 0.000 15.164 0.000 359.5 15.2 0.0 1000
741.765 31.760 929.072 0.000 15.164 0.000 359.5 15.2 0.0 1000
741.759 31.760 929.048 0.000 15.164 0.000 359.5 15.2 0.0 1000
741.759 31.760 929.048 0.000 15.164 0.000 359.5 15.2 0.0 1000
741.754 31.760 929.032 0.000 15.164 0.000 359.5 15.2 0.0 1000
