SubjectNumber:Number
Gender:Gender
Age:Age
    Pos(x,y,z)                    Rot(x,y,z)                         Camera(x,y,z)     SetNumber
986.785 31.760 1170.581 0.000 66.200 0.000 0.0 66.2 0.0 1
986.785 31.760 1170.581 0.000 66.200 0.000 0.0 66.2 0.0 1
986.785 31.760 1170.581 0.000 66.200 0.000 0.0 66.2 0.0 1
986.785 31.760 1170.581 0.000 66.200 0.000 0.0 66.2 0.0 1
986.785 31.760 1170.581 0.000 66.200 0.000 0.0 66.2 0.0 1
986.785 31.760 1170.581 0.000 66.200 0.000 0.0 66.2 0.0 1
986.785 31.760 1170.581 0.000 66.200 0.000 0.0 66.2 0.0 1
986.785 31.760 1170.581 0.000 66.200 0.000 0.0 66.2 0.0 1
986.785 31.760 1170.581 0.000 66.200 0.000 0.0 66.2 0.0 1
986.785 31.760 1170.581 0.000 66.200 0.000 0.0 66.2 0.0 1
986.785 31.760 1170.581 0.000 66.200 0.000 0.0 66.2 0.0 1
986.785 31.760 1170.581 0.000 66.200 0.000 0.0 66.2 0.0 1
986.785 31.760 1170.581 0.000 66.200 0.000 0.0 66.2 0.0 1
986.785 31.760 1170.581 0.000 66.200 0.000 0.0 66.2 0.0 1
986.785 31.760 1170.581 0.000 66.200 0.000 0.0 66.2 0.0 1
986.785 31.760 1170.581 0.000 66.200 0.000 0.0 66.2 0.0 1
986.785 31.760 1170.581 0.000 66.200 0.000 0.0 66.2 0.0 1
986.785 31.760 1170.581 0.000 66.200 0.000 0.0 66.2 0.0 1
986.785 31.760 1170.581 0.000 66.200 0.000 0.0 66.2 0.0 1
986.785 31.760 1170.581 0.000 66.200 0.000 0.0 66.2 0.0 1
986.785 31.760 1170.581 0.000 66.200 0.000 0.0 66.2 0.0 1
986.785 31.760 1170.581 0.000 66.200 0.000 0.0 66.2 0.0 1
986.785 31.760 1170.581 0.000 66.200 0.000 0.0 66.2 0.0 1
986.785 31.760 1170.581 0.000 66.200 0.000 0.0 66.2 0.0 1
986.785 31.760 1170.581 0.000 66.200 0.000 0.0 66.2 0.0 1
986.785 31.760 1170.581 0.000 66.200 0.000 0.0 66.2 0.0 1
986.785 31.760 1170.581 0.000 66.200 0.000 0.0 66.2 0.0 1
986.785 31.760 1170.581 0.000 66.200 0.000 0.0 66.2 0.0 1
986.785 31.760 1170.581 0.000 66.200 0.000 0.0 66.2 0.0 1
986.785 31.760 1170.581 0.000 66.200 0.000 0.0 66.2 0.0 1
986.785 31.760 1170.581 0.000 66.200 0.000 0.0 66.2 0.0 1
986.785 31.760 1170.581 0.000 66.200 0.000 0.0 66.2 0.0 1
986.785 31.760 1170.581 0.000 66.200 0.000 0.0 66.2 0.0 1
986.785 31.760 1170.581 0.000 66.200 0.000 0.0 66.2 0.0 1
986.785 31.760 1170.581 0.000 66.200 0.000 0.0 66.2 0.0 1
986.785 31.760 1170.581 0.000 66.200 0.000 0.0 66.2 0.0 1
986.785 31.760 1170.581 0.000 66.200 0.000 0.0 66.2 0.0 1
986.785 31.760 1170.581 0.000 66.200 0.000 0.0 66.2 0.0 1
986.785 31.760 1170.581 0.000 66.200 0.000 0.0 66.2 0.0 1
986.785 31.760 1170.581 0.000 66.200 0.000 0.0 66.2 0.0 1
986.785 31.760 1170.581 0.000 66.200 0.000 0.0 66.2 0.0 1
986.785 31.760 1170.581 0.000 66.200 0.000 0.0 66.2 0.0 1
986.785 31.760 1170.581 0.000 66.200 0.000 0.0 66.2 0.0 1
986.785 31.760 1170.581 0.000 66.200 0.000 0.0 66.2 0.0 1
986.785 31.760 1170.581 0.000 66.200 0.000 0.0 66.2 0.0 1
986.785 31.760 1170.581 0.000 66.200 0.000 0.0 66.2 0.0 1
986.785 31.760 1170.581 0.000 66.200 0.000 0.0 66.2 0.0 1
986.785 31.760 1170.581 0.000 66.200 0.000 0.0 66.2 0.0 1
986.785 31.760 1170.581 0.000 66.200 0.000 0.0 66.2 0.0 1
986.785 31.760 1170.581 0.000 66.200 0.000 0.0 66.2 0.0 1
986.785 31.760 1170.581 0.000 66.200 0.000 0.0 66.2 0.0 1
986.785 31.760 1170.581 0.000 66.200 0.000 0.0 66.2 0.0 1
986.785 31.760 1170.581 0.000 66.200 0.000 0.0 66.2 0.0 1
986.785 31.760 1170.581 0.000 66.200 0.000 0.0 66.2 0.0 1
986.785 31.760 1170.581 0.000 66.200 0.000 0.0 66.2 0.0 1
986.785 31.760 1170.581 0.000 66.200 0.000 0.0 66.2 0.0 1
986.785 31.760 1170.581 0.000 66.200 0.000 0.0 66.2 0.0 1
986.785 31.760 1170.581 0.000 66.200 0.000 0.0 66.2 0.0 1
986.785 31.760 1170.581 0.000 66.200 0.000 0.0 66.2 0.0 1
986.785 31.760 1170.581 0.000 66.200 0.000 0.0 66.2 0.0 1
986.785 31.760 1170.581 0.000 66.200 0.000 0.0 66.2 0.0 1
986.785 31.760 1170.581 0.000 66.200 0.000 0.0 66.2 0.0 1
986.785 31.760 1170.581 0.000 66.200 0.000 0.0 66.2 0.0 1
986.785 31.760 1170.581 0.000 66.200 0.000 0.0 66.2 0.0 1
986.785 31.760 1170.581 0.000 66.200 0.000 0.0 66.2 0.0 1
986.785 31.760 1170.581 0.000 66.200 0.000 0.0 66.2 0.0 1
986.785 31.760 1170.581 0.000 66.200 0.000 0.0 66.2 0.0 1
986.785 31.760 1170.581 0.000 66.200 0.000 0.0 66.2 0.0 1
986.785 31.760 1170.581 0.000 66.200 0.000 0.0 66.2 0.0 1
986.785 31.760 1170.581 0.000 66.200 0.000 0.0 66.2 0.0 1
986.785 31.760 1170.581 0.000 66.200 0.000 0.0 66.2 0.0 1
986.785 31.760 1170.581 0.000 66.200 0.000 0.0 66.2 0.0 1
740.474 54.515 911.250 0.000 66.200 0.000 0.0 66.2 0.0 2
740.474 54.515 911.250 0.000 66.200 0.000 0.0 66.2 0.0 2
740.474 54.507 911.250 0.000 66.200 0.000 0.0 66.2 0.0 2
740.474 54.507 911.250 0.000 66.200 0.000 0.0 66.2 0.0 2
740.474 54.507 911.250 0.000 66.200 0.000 0.0 66.2 0.0 2
740.474 54.491 911.250 0.000 66.200 0.000 0.0 66.2 0.0 2
740.474 54.491 911.250 0.000 66.200 0.000 0.0 66.2 0.0 2
740.474 54.491 911.250 0.000 66.200 0.000 0.0 66.2 0.0 2
740.474 54.467 911.250 0.000 66.200 0.000 0.0 66.2 0.0 2
740.474 54.467 911.250 0.000 66.200 0.000 0.0 66.2 0.0 2
740.474 54.467 911.250 0.000 66.200 0.000 0.0 66.2 0.0 2
740.474 54.435 911.250 0.000 66.200 0.000 0.0 66.2 0.0 2
740.474 54.435 911.250 0.000 66.200 0.000 0.0 66.2 0.0 2
740.474 54.435 911.250 0.000 66.200 0.000 0.0 66.2 0.0 2
740.474 54.395 911.250 0.000 66.200 0.000 0.0 66.2 0.0 2
740.474 54.395 911.250 0.000 66.200 0.000 0.0 66.2 0.0 2
740.474 54.395 911.250 0.000 66.200 0.000 0.0 66.2 0.0 2
740.474 54.347 911.250 0.000 66.200 0.000 0.0 66.2 0.0 2
740.474 54.347 911.250 0.000 66.200 0.000 0.0 66.2 0.0 2
740.474 54.347 911.250 0.000 66.200 0.000 0.0 66.2 0.0 2
740.474 54.291 911.250 0.000 66.200 0.000 0.0 66.2 0.0 2
740.474 54.291 911.250 0.000 66.200 0.000 0.0 66.2 0.0 2
740.474 54.291 911.250 0.000 66.200 0.000 0.0 66.2 0.0 2
740.474 54.227 911.250 0.000 66.200 0.000 0.0 66.2 0.0 2
740.474 54.227 911.250 0.000 66.200 0.000 0.0 66.2 0.0 2
740.474 54.227 911.250 0.000 66.200 0.000 0.0 66.2 0.0 2
740.474 54.155 911.250 0.000 66.200 0.000 0.0 66.2 0.0 2
740.474 54.155 911.250 0.000 66.200 0.000 0.0 66.2 0.0 2
740.474 54.155 911.250 0.000 66.200 0.000 0.0 66.2 0.0 2
740.474 54.075 911.250 0.000 66.200 0.000 0.0 66.2 0.0 2
740.474 54.075 911.250 0.000 66.200 0.000 0.0 66.2 0.0 2
740.474 54.075 911.250 0.000 66.200 0.000 0.0 66.2 0.0 2
740.474 53.987 911.250 0.000 66.200 0.000 0.0 66.2 0.0 2
740.474 53.987 911.250 0.000 66.200 0.000 0.0 66.2 0.0 2
740.474 53.987 911.250 0.000 66.200 0.000 0.0 66.2 0.0 2
740.474 53.891 911.250 0.000 66.200 0.000 0.0 66.2 0.0 2
740.474 53.891 911.250 0.000 66.200 0.000 0.0 66.2 0.0 2
740.474 53.891 911.250 0.000 66.200 0.000 0.0 66.2 0.0 2
740.474 53.787 911.250 0.000 66.200 0.000 0.0 66.2 0.0 2
740.474 53.787 911.250 0.000 66.200 0.000 0.0 66.2 0.0 2
740.474 53.787 911.250 0.000 66.200 0.000 0.0 66.2 0.0 2
740.474 53.675 911.250 0.000 66.200 0.000 0.0 66.2 0.0 2
740.474 53.675 911.250 0.000 66.200 0.000 0.0 66.2 0.0 2
740.474 53.675 911.250 0.000 66.200 0.000 0.0 66.2 0.0 2
740.474 53.555 911.250 0.000 66.200 0.000 0.0 66.2 0.0 2
740.474 53.555 911.250 0.000 66.200 0.000 0.0 66.2 0.0 2
740.474 53.555 911.250 0.000 66.200 0.000 0.0 66.2 0.0 2
740.474 53.427 911.250 0.000 66.200 0.000 0.0 66.2 0.0 2
740.474 53.427 911.250 0.000 66.200 0.000 0.0 66.2 0.0 2
740.474 53.427 911.250 0.000 66.200 0.000 0.0 66.2 0.0 2
740.474 53.291 911.250 0.000 66.200 0.000 0.0 66.2 0.0 2
740.474 53.291 911.250 0.000 66.200 0.000 0.0 66.2 0.0 2
740.474 53.291 911.250 0.000 66.200 0.000 0.0 66.2 0.0 2
740.474 53.147 911.250 0.000 66.200 0.000 0.0 66.2 0.0 2
740.474 53.147 911.250 0.000 66.200 0.000 0.0 66.2 0.0 2
740.474 53.147 911.250 0.000 66.200 0.000 0.0 66.2 0.0 2
740.474 53.147 911.250 0.000 66.200 0.000 0.0 66.2 0.0 2
740.474 52.995 911.250 0.000 66.200 0.000 0.0 66.2 0.0 2
740.474 52.995 911.250 0.000 66.200 0.000 0.0 66.2 0.0 2
740.474 52.835 911.250 0.000 66.200 0.000 0.0 66.2 0.0 2
740.474 52.835 911.250 0.000 66.200 0.000 0.0 66.2 0.0 2
740.474 52.835 911.250 0.000 66.200 0.000 0.0 66.2 0.0 2
740.474 52.667 911.250 0.000 66.200 0.000 0.0 66.2 0.0 2
740.474 52.667 911.250 0.000 66.200 0.000 0.0 66.2 0.0 2
740.474 52.667 911.250 0.000 66.200 0.000 0.0 66.2 0.0 2
740.474 52.491 911.250 0.000 66.200 0.000 0.0 66.2 0.0 2
740.474 52.491 911.250 0.000 66.200 0.000 0.0 66.2 0.0 2
740.474 52.491 911.250 0.000 66.200 0.000 0.0 66.2 0.0 2
740.474 52.307 911.250 0.000 66.200 0.000 0.0 66.2 0.0 2
740.474 52.307 911.250 0.000 66.200 0.000 0.0 66.2 0.0 2
740.474 52.307 911.250 0.000 66.200 0.000 0.0 66.2 0.0 2
740.474 52.115 911.250 0.000 66.200 0.000 0.0 66.2 0.0 2
740.474 52.115 911.250 0.000 66.200 0.000 0.0 66.2 0.0 2
740.474 52.115 911.250 0.000 66.200 0.000 0.0 66.2 0.0 2
740.474 51.915 911.250 0.000 66.200 0.000 0.0 66.2 0.0 2
740.474 51.915 911.250 0.000 66.200 0.000 0.0 66.2 0.0 2
740.474 51.915 911.250 0.000 66.200 0.000 0.0 66.2 0.0 2
