SubjectNumber:Number
Gender:Gender
Age:Age
    Pos(x,y,z)                    Rot(x,y,z)                         Camera(x,y,z)     SetNumber
740.474 31.760 911.250 0.000 0.000 0.000 0.0 0.0 0.0 1
740.474 31.760 911.250 0.000 0.000 0.000 0.0 0.0 0.0 1
740.474 31.760 911.250 0.000 0.000 0.000 0.0 0.0 0.0 1
740.474 31.760 911.250 0.000 0.000 0.000 0.0 0.0 0.0 1
740.474 31.760 911.250 0.000 0.000 0.000 0.0 0.0 0.0 1
740.474 31.760 911.250 0.000 0.000 0.000 0.0 0.0 0.0 1
740.474 31.760 911.250 0.000 0.000 0.000 0.0 0.0 0.0 1
740.474 31.760 911.250 0.000 0.000 0.000 0.0 0.0 0.0 1
740.474 31.760 911.250 0.000 0.000 0.000 0.0 0.0 0.0 1
740.474 31.760 911.250 0.000 0.000 0.000 0.0 0.0 0.0 1
740.474 31.760 911.250 0.000 0.000 0.000 0.0 0.0 0.0 1
740.474 31.760 911.250 0.000 0.000 0.000 0.0 0.0 0.0 1
740.474 31.760 911.250 0.000 0.000 0.000 0.0 0.0 0.0 1
740.474 31.760 911.250 0.000 0.000 0.000 0.0 0.0 0.0 1
740.474 31.760 911.250 0.000 0.000 0.000 0.0 0.0 0.0 1
740.474 31.760 911.250 0.000 0.000 0.000 0.0 0.0 0.0 1
740.474 31.760 911.250 0.000 0.000 0.000 0.0 0.0 0.0 1
740.474 31.760 911.250 0.000 0.000 0.000 0.0 0.0 0.0 1
740.474 31.760 911.250 0.000 0.000 0.000 0.0 0.0 0.0 1
740.474 31.760 911.250 0.000 0.000 0.000 0.0 0.0 0.0 1
740.474 31.760 911.250 0.000 0.000 0.000 0.0 0.0 0.0 1
740.474 31.760 911.250 0.000 0.000 0.000 0.0 0.0 0.0 1
740.474 31.760 911.250 0.000 0.000 0.000 0.0 0.0 0.0 1
740.474 31.760 911.250 0.000 0.000 0.000 0.0 0.0 0.0 1
740.474 31.760 911.250 0.000 0.000 0.000 0.0 0.0 0.0 1
740.474 31.760 911.250 0.000 0.000 0.000 0.0 0.0 0.0 1
740.474 31.760 911.250 0.000 0.000 0.000 0.0 0.0 0.0 1
740.474 31.760 911.250 0.000 0.000 0.000 0.0 0.0 0.0 1
740.474 31.760 911.250 0.000 0.000 0.000 0.0 0.0 0.0 1
740.474 31.760 911.250 0.000 0.000 0.000 0.0 0.0 0.0 1
740.474 31.760 911.250 0.000 0.000 0.000 0.0 0.0 0.0 1
740.474 31.760 911.250 0.000 0.000 0.000 0.0 0.0 0.0 1
740.474 31.760 911.250 0.000 0.000 0.000 0.0 0.0 0.0 1
740.474 31.760 911.250 0.000 0.000 0.000 0.0 0.0 0.0 1
740.474 31.760 911.250 0.000 0.000 0.000 0.0 0.0 0.0 1
740.474 31.760 911.250 0.000 0.000 0.000 0.0 0.0 0.0 1
740.474 31.760 911.250 0.000 0.000 0.000 0.0 0.0 0.0 1
740.474 31.760 911.250 0.000 0.000 0.000 0.0 0.0 0.0 1
740.474 31.760 911.250 0.000 0.000 0.000 0.0 0.0 0.0 1
740.474 31.760 911.250 0.000 0.000 0.000 0.0 0.0 0.0 1
740.474 31.760 911.250 0.000 0.000 0.000 0.0 0.0 0.0 1
740.474 31.760 911.250 0.000 0.000 0.000 0.0 0.0 0.0 1
740.474 31.760 911.250 0.000 0.000 0.000 0.0 0.0 0.0 1
740.474 31.760 911.250 0.000 0.000 0.000 0.0 0.0 0.0 1
740.474 31.760 911.250 0.000 0.000 0.000 0.0 0.0 0.0 1
740.474 31.760 911.250 0.000 0.000 0.000 0.0 0.0 0.0 1
740.474 31.760 911.250 0.000 0.000 0.000 0.0 0.0 0.0 1
740.474 31.760 911.250 0.000 0.000 0.000 0.0 0.0 0.0 1
740.474 31.760 911.250 0.000 0.000 0.000 0.0 0.0 0.0 1
740.474 31.760 911.250 0.000 0.000 0.000 0.0 0.0 0.0 1
740.474 31.760 911.250 0.000 0.000 0.000 0.0 0.0 0.0 1
740.474 31.760 911.250 0.000 0.000 0.000 0.0 0.0 0.0 1
740.474 31.760 911.250 0.000 0.000 0.000 0.0 0.0 0.0 1
740.474 31.760 911.250 0.000 0.000 0.000 0.0 0.0 0.0 1
740.474 31.760 911.250 0.000 0.000 0.000 0.0 0.0 0.0 1
740.474 31.760 911.250 0.000 0.000 0.000 0.0 0.0 0.0 1
740.474 31.760 911.250 0.000 0.000 0.000 0.0 0.0 0.0 1
740.474 31.760 911.250 0.000 0.000 0.000 0.0 0.0 0.0 1
740.474 31.760 911.250 0.000 0.000 0.000 0.0 0.0 0.0 1
740.474 31.760 911.250 0.000 0.000 0.000 0.0 0.0 0.0 1
740.474 31.760 911.250 0.000 0.000 0.000 0.0 0.0 0.0 1
740.474 31.760 911.250 0.000 0.000 0.000 0.0 0.0 0.0 1
740.474 31.760 911.250 0.000 0.000 0.000 0.0 0.0 0.0 1
740.474 31.760 911.250 0.000 0.000 0.000 0.0 0.0 0.0 1
740.474 31.760 911.250 0.000 0.000 0.000 0.0 0.0 0.0 1
740.474 31.760 911.250 0.000 0.000 0.000 0.0 0.0 0.0 1
740.474 31.760 911.250 0.000 0.000 0.000 0.0 0.0 0.0 1
740.474 31.760 911.250 0.000 0.000 0.000 0.0 0.0 0.0 1
740.474 31.760 911.250 0.000 0.000 0.000 0.0 0.0 0.0 1
740.474 31.760 911.250 0.000 0.000 0.000 0.0 0.0 0.0 1
740.474 31.760 911.250 0.000 0.000 0.000 0.0 0.0 0.0 1
740.474 31.760 911.250 0.000 0.000 0.000 0.0 0.0 0.0 1
740.474 31.760 911.250 0.000 0.000 0.000 0.0 0.0 0.0 1
740.474 31.760 911.250 0.000 0.000 0.000 0.0 0.0 0.0 1
740.474 31.760 911.250 0.000 0.000 0.000 0.0 0.0 0.0 1
740.474 31.760 911.250 0.000 0.000 0.000 0.0 0.0 0.0 1
740.474 31.760 911.250 0.000 0.000 0.000 0.0 0.0 0.0 1
740.474 31.760 911.250 0.000 0.000 0.000 0.0 0.0 0.0 1
740.474 31.760 911.250 0.000 0.000 0.000 0.0 0.0 0.0 1
740.474 31.760 911.250 0.000 0.000 0.000 0.0 0.0 0.0 1
740.474 31.760 911.250 0.000 0.000 0.000 0.0 0.0 0.0 1
740.474 31.760 911.250 0.000 0.000 0.000 0.0 0.0 0.0 1
740.474 31.760 911.250 0.000 0.000 0.000 0.0 0.0 0.0 1
740.474 31.760 911.250 0.000 0.000 0.000 0.0 0.0 0.0 1
740.474 31.760 911.250 0.000 0.000 0.000 0.0 0.0 0.0 1
740.474 31.760 911.250 0.000 0.000 0.000 0.0 0.0 0.0 1
740.474 31.760 911.250 0.000 0.000 0.000 0.0 0.0 0.0 1
740.474 31.760 911.250 0.000 0.000 0.000 0.0 0.0 0.0 1
740.474 31.760 911.250 0.000 0.000 0.000 0.0 0.0 0.0 1
740.474 31.760 911.250 0.000 0.000 0.000 0.0 0.0 0.0 1
740.474 31.760 911.250 0.000 0.000 0.000 0.0 0.0 0.0 1
740.474 31.760 911.250 0.000 0.000 0.000 0.0 0.0 0.0 1
740.474 31.760 911.250 0.000 0.000 0.000 0.0 0.0 0.0 1
740.474 31.760 911.250 0.000 0.000 0.000 0.0 0.0 0.0 1
740.474 31.760 911.250 0.000 0.000 0.000 0.0 0.0 0.0 1
740.474 31.760 911.250 0.000 0.000 0.000 0.0 0.0 0.0 1
740.474 31.760 911.250 0.000 0.000 0.000 0.0 0.0 0.0 1
740.474 31.760 911.250 0.000 0.000 0.000 0.0 0.0 0.0 1
740.474 31.760 911.250 0.000 0.000 0.000 0.0 0.0 0.0 1
740.474 31.760 911.250 0.000 0.000 0.000 0.0 0.0 0.0 1
740.474 31.760 911.250 0.000 0.000 0.000 0.0 0.0 0.0 1
740.474 31.760 911.250 0.000 0.000 0.000 0.0 0.0 0.0 1
740.474 31.760 911.250 0.000 0.000 0.000 0.0 0.0 0.0 1
740.474 31.760 911.250 0.000 0.000 0.000 0.0 0.0 0.0 1
740.474 31.760 911.250 0.000 0.000 0.000 0.0 0.0 0.0 1
740.474 31.760 911.250 0.000 0.000 0.000 0.0 0.0 0.0 1
740.474 31.760 911.250 0.000 0.000 0.000 0.0 0.0 0.0 1
740.474 31.760 911.250 0.000 0.000 0.000 0.0 0.0 0.0 1
740.474 31.760 911.250 0.000 0.000 0.000 0.0 0.0 0.0 1
740.474 31.760 911.250 0.000 0.000 0.000 0.0 0.0 0.0 1
740.474 31.760 911.250 0.000 0.000 0.000 0.0 0.0 0.0 1
740.474 31.760 911.250 0.000 0.000 0.000 0.0 0.0 0.0 1
740.474 31.760 911.250 0.000 0.000 0.000 0.0 0.0 0.0 1
740.474 31.760 911.250 0.000 0.000 0.000 0.0 0.0 0.0 1
740.474 31.760 911.250 0.000 0.000 0.000 0.0 0.0 0.0 1
740.474 31.760 911.250 0.000 0.000 0.000 0.0 0.0 0.0 1
740.474 31.760 911.250 0.000 0.000 0.000 0.0 0.0 0.0 1
740.474 31.760 911.250 0.000 0.000 0.000 0.0 0.0 0.0 1
740.474 31.760 911.250 0.000 0.000 0.000 0.0 0.0 0.0 1
740.474 31.760 911.250 0.000 0.000 0.000 0.0 0.0 0.0 1
740.474 31.760 911.250 0.000 0.000 0.000 0.0 0.0 0.0 1
740.474 31.760 911.250 0.000 0.000 0.000 0.0 0.0 0.0 1
740.474 31.760 911.250 0.000 0.000 0.000 0.0 0.0 0.0 1
740.474 31.760 911.250 0.000 0.000 0.000 0.0 0.0 0.0 1
740.474 31.760 911.250 0.000 0.000 0.000 0.0 0.0 0.0 1
740.474 31.760 911.250 0.000 0.000 0.000 0.0 0.0 0.0 1
740.474 31.760 911.250 0.000 0.000 0.000 0.0 0.0 0.0 1
740.474 31.760 911.250 0.000 0.000 0.000 0.0 0.0 0.0 1
740.474 31.760 911.250 0.000 0.000 0.000 0.0 0.0 0.0 1
740.474 31.760 911.250 0.000 0.000 0.000 0.0 0.0 0.0 1
740.474 31.760 911.250 0.000 0.000 0.000 0.0 0.0 0.0 1
740.474 31.760 911.250 0.000 0.000 0.000 0.0 0.0 0.0 1
740.474 31.760 911.250 0.000 0.000 0.000 0.0 0.0 0.0 1
740.474 31.760 911.250 0.000 0.000 0.000 0.0 0.0 0.0 1
740.474 31.760 911.250 0.000 0.000 0.000 0.0 0.0 0.0 1
740.474 31.760 911.250 0.000 0.000 0.000 0.0 0.0 0.0 1
740.474 31.760 911.250 0.000 0.000 0.000 0.0 0.0 0.0 1
740.474 31.760 911.250 0.000 0.000 0.000 0.0 0.0 0.0 1
740.474 31.760 911.250 0.000 0.000 0.000 0.0 0.0 0.0 1
740.474 31.760 911.250 0.000 0.000 0.000 0.0 0.0 0.0 1
740.474 31.760 911.250 0.000 0.000 0.000 0.0 0.0 0.0 1
740.474 31.760 911.250 0.000 0.000 0.000 0.0 0.0 0.0 1
740.474 31.760 911.250 0.000 0.000 0.000 0.0 0.0 0.0 1
740.474 31.760 911.250 0.000 0.000 0.000 0.0 0.0 0.0 1
740.474 31.760 911.250 0.000 0.000 0.000 0.0 0.0 0.0 1
740.474 54.515 911.250 0.000 0.000 0.000 0.0 0.0 0.0 2
740.474 54.507 911.250 0.000 0.000 0.000 0.0 0.0 0.0 2
740.474 54.507 911.250 0.000 0.000 0.000 0.0 0.0 0.0 2
740.474 54.491 911.250 0.000 0.000 0.000 0.0 0.0 0.0 2
740.474 54.491 911.250 0.000 0.000 0.000 0.0 0.0 0.0 2
740.474 54.467 911.250 0.000 0.000 0.000 0.0 0.0 0.0 2
740.474 54.467 911.250 0.000 0.000 0.000 0.0 0.0 0.0 2
740.474 54.435 911.250 0.000 0.000 0.000 0.0 0.0 0.0 2
740.474 54.435 911.250 0.000 0.000 0.000 0.0 0.0 0.0 2
740.474 54.395 911.250 0.000 0.000 0.000 0.0 0.0 0.0 2
740.474 54.395 911.250 0.000 0.000 0.000 0.0 0.0 0.0 2
740.474 54.347 911.250 0.000 0.000 0.000 0.0 0.0 0.0 2
740.474 54.347 911.250 0.000 0.000 0.000 0.0 0.0 0.0 2
740.474 54.291 911.250 0.000 0.000 0.000 0.0 0.0 0.0 2
740.474 54.291 911.250 0.000 0.000 0.000 0.0 0.0 0.0 2
740.474 54.227 911.250 0.000 0.000 0.000 0.0 0.0 0.0 2
740.474 54.227 911.250 0.000 0.000 0.000 0.0 0.0 0.0 2
740.474 54.155 911.250 0.000 0.000 0.000 0.0 0.0 0.0 2
740.474 54.155 911.250 0.000 0.000 0.000 0.0 0.0 0.0 2
740.474 54.075 911.250 0.000 0.000 0.000 0.0 0.0 0.0 2
740.474 54.075 911.250 0.000 0.000 0.000 0.0 0.0 0.0 2
740.474 53.987 911.250 0.000 0.000 0.000 0.0 0.0 0.0 2
740.474 53.987 911.250 0.000 0.000 0.000 0.0 0.0 0.0 2
740.474 53.891 911.250 0.000 0.000 0.000 0.0 0.0 0.0 2
740.474 53.891 911.250 0.000 0.000 0.000 0.0 0.0 0.0 2
740.474 53.787 911.250 0.000 0.000 0.000 0.0 0.0 0.0 2
740.474 53.787 911.250 0.000 0.000 0.000 0.0 0.0 0.0 2
740.474 53.675 911.250 0.000 0.000 0.000 0.0 0.0 0.0 2
740.474 53.675 911.250 0.000 0.000 0.000 0.0 0.0 0.0 2
740.474 53.555 911.250 0.000 0.000 0.000 0.0 0.0 0.0 2
740.474 53.555 911.250 0.000 0.000 0.000 0.0 0.0 0.0 2
740.474 53.427 911.250 0.000 0.000 0.000 0.0 0.0 0.0 2
740.474 53.427 911.250 0.000 0.000 0.000 0.0 0.0 0.0 2
740.474 53.291 911.250 0.000 0.000 0.000 0.0 0.0 0.0 2
740.474 53.291 911.250 0.000 0.000 0.000 0.0 0.0 0.0 2
740.474 53.147 911.250 0.000 0.000 0.000 0.0 0.0 0.0 2
740.474 53.147 911.250 0.000 0.000 0.000 0.0 0.0 0.0 2
740.474 52.995 911.250 0.000 0.000 0.000 0.0 0.0 0.0 2
740.474 52.995 911.250 0.000 0.000 0.000 0.0 0.0 0.0 2
740.474 52.835 911.250 0.000 0.000 0.000 0.0 0.0 0.0 2
740.474 52.667 911.250 0.000 0.000 0.000 0.0 0.0 0.0 2
740.474 52.667 911.250 0.000 0.000 0.000 0.0 0.0 0.0 2
740.474 52.491 911.250 0.000 0.000 0.000 0.0 0.0 0.0 2
740.474 52.491 911.250 0.000 0.000 0.000 0.0 0.0 0.0 2
740.474 52.307 911.250 0.000 0.000 0.000 0.0 0.0 0.0 2
740.474 52.307 911.250 0.000 0.000 0.000 0.0 0.0 0.0 2
740.474 52.115 911.250 0.000 0.000 0.000 0.0 0.0 0.0 2
740.474 52.115 911.250 0.000 0.000 0.000 0.0 0.0 0.0 2
740.474 51.915 911.250 0.000 0.000 0.000 0.0 0.0 0.0 2
740.474 51.915 911.250 0.000 0.000 0.000 0.0 0.0 0.0 2
740.474 51.707 911.250 0.000 0.000 0.000 0.0 0.0 0.0 2
740.474 51.707 911.250 0.000 0.000 0.000 0.0 0.0 0.0 2
740.474 51.491 911.250 0.000 0.000 0.000 0.0 0.0 0.0 2
740.474 51.491 911.250 0.000 0.000 0.000 0.0 0.0 0.0 2
740.474 51.267 911.250 0.000 0.000 0.000 0.0 0.0 0.0 2
740.474 51.267 911.250 0.000 0.000 0.000 0.0 0.0 0.0 2
740.474 51.035 911.250 0.000 0.000 0.000 0.0 0.0 0.0 2
740.474 51.035 911.250 0.000 0.000 0.000 0.0 0.0 0.0 2
740.474 50.795 911.250 0.000 0.000 0.000 0.0 0.0 0.0 2
740.474 50.795 911.250 0.000 0.000 0.000 0.0 0.0 0.0 2
740.474 50.547 911.250 0.000 0.000 0.000 0.0 0.0 0.0 2
740.474 50.547 911.250 0.000 0.000 0.000 0.0 0.0 0.0 2
740.474 50.291 911.250 0.000 0.000 0.000 0.0 0.0 0.0 2
740.474 50.291 911.250 0.000 0.000 0.000 0.0 0.0 0.0 2
740.474 50.027 911.250 0.000 0.000 0.000 0.0 0.0 0.0 2
740.474 50.027 911.250 0.000 0.000 0.000 0.0 0.0 0.0 2
740.474 49.755 911.250 0.000 0.000 0.000 0.0 0.0 0.0 2
740.474 49.755 911.250 0.000 0.000 0.000 0.0 0.0 0.0 2
740.474 49.475 911.250 0.000 0.000 0.000 0.0 0.0 0.0 2
740.474 49.475 911.250 0.000 0.000 0.000 0.0 0.0 0.0 2
740.474 49.187 911.250 0.000 0.000 0.000 0.0 0.0 0.0 2
740.474 49.187 911.250 0.000 0.000 0.000 0.0 0.0 0.0 2
740.474 48.891 911.250 0.000 0.000 0.000 0.0 0.0 0.0 2
740.474 48.891 911.250 0.000 0.000 0.000 0.0 0.0 0.0 2
740.474 48.587 911.250 0.000 0.000 0.000 0.0 0.0 0.0 2
740.474 48.587 911.250 0.000 0.000 0.000 0.0 0.0 0.0 2
740.474 48.275 911.250 0.000 0.000 0.000 0.0 0.0 0.0 2
740.474 48.275 911.250 0.000 0.000 0.000 0.0 0.0 0.0 2
740.474 47.955 911.250 0.000 0.000 0.000 0.0 0.0 0.0 2
740.474 47.627 911.250 0.000 0.000 0.000 0.0 0.0 0.0 2
740.474 47.627 911.250 0.000 0.000 0.000 0.0 0.0 0.0 2
740.474 47.291 911.250 0.000 0.000 0.000 0.0 0.0 0.0 2
740.474 47.291 911.250 0.000 0.000 0.000 0.0 0.0 0.0 2
740.474 46.947 911.250 0.000 0.000 0.000 0.0 0.0 0.0 2
740.474 46.947 911.250 0.000 0.000 0.000 0.0 0.0 0.0 2
740.474 46.595 911.250 0.000 0.000 0.000 0.0 0.0 0.0 2
740.474 46.595 911.250 0.000 0.000 0.000 0.0 0.0 0.0 2
740.474 46.235 911.250 0.000 0.000 0.000 0.0 0.0 0.0 2
740.474 46.235 911.250 0.000 0.000 0.000 0.0 0.0 0.0 2
740.474 45.867 911.250 0.000 0.000 0.000 0.0 0.0 0.0 2
740.474 45.867 911.250 0.000 0.000 0.000 0.0 0.0 0.0 2
740.474 45.491 911.250 0.000 0.000 0.000 0.0 0.0 0.0 2
740.474 45.491 911.250 0.000 0.000 0.000 0.0 0.0 0.0 2
740.474 45.107 911.250 0.000 0.000 0.000 0.0 0.0 0.0 2
740.474 45.107 911.250 0.000 0.000 0.000 0.0 0.0 0.0 2
740.474 44.715 911.250 0.000 0.000 0.000 0.0 0.0 0.0 2
740.474 44.715 911.250 0.000 0.000 0.000 0.0 0.0 0.0 2
740.474 44.315 911.250 0.000 0.000 0.000 0.0 0.0 0.0 2
740.474 44.315 911.250 0.000 0.000 0.000 0.0 0.0 0.0 2
740.474 43.915 911.250 0.000 0.000 0.000 0.0 0.0 0.0 2
740.474 43.915 911.250 0.000 0.000 0.000 0.0 0.0 0.0 2
740.474 43.515 911.250 0.000 0.000 0.000 0.0 0.0 0.0 2
740.474 43.515 911.250 0.000 0.000 0.000 0.0 0.0 0.0 2
740.474 43.115 911.250 0.000 0.000 0.000 0.0 0.0 0.0 2
740.474 42.715 911.250 0.000 0.000 0.000 0.0 0.0 0.0 2
740.474 42.715 911.250 0.000 0.000 0.000 0.0 0.0 0.0 2
740.474 42.315 911.250 0.000 0.000 0.000 0.0 0.0 0.0 2
740.474 42.315 911.250 0.000 0.000 0.000 0.0 0.0 0.0 2
740.474 41.915 911.250 0.000 0.000 0.000 0.0 0.0 0.0 2
740.474 41.915 911.250 0.000 0.000 0.000 0.0 0.0 0.0 2
740.474 41.515 911.250 0.000 0.000 0.000 0.0 0.0 0.0 2
740.474 41.515 911.250 0.000 0.000 0.000 0.0 0.0 0.0 2
740.474 41.115 911.250 0.000 0.000 0.000 0.0 0.0 0.0 2
740.474 41.115 911.250 0.000 0.000 0.000 0.0 0.0 0.0 2
740.474 40.715 911.250 0.000 0.000 0.000 0.0 0.0 0.0 2
740.474 40.715 911.250 0.000 0.000 0.000 0.0 0.0 0.0 2
740.474 40.315 911.250 0.000 0.000 0.000 0.0 0.0 0.0 2
740.474 39.915 911.250 0.000 0.000 0.000 0.0 0.0 0.0 2
740.474 39.915 911.250 0.000 0.000 0.000 0.0 0.0 0.0 2
740.474 39.515 911.250 0.000 0.000 0.000 0.0 0.0 0.0 2
740.474 39.515 911.250 0.000 0.000 0.000 0.0 0.0 0.0 2
740.474 39.115 911.250 0.000 0.000 0.000 0.0 0.0 0.0 2
740.474 39.115 911.250 0.000 0.000 0.000 0.0 0.0 0.0 2
740.474 38.715 911.250 0.000 0.000 0.000 0.0 0.0 0.0 2
740.474 38.715 911.250 0.000 0.000 0.000 0.0 0.0 0.0 2
740.474 38.315 911.250 0.000 0.000 0.000 0.0 0.0 0.0 2
740.474 38.315 911.250 0.000 0.000 0.000 0.0 0.0 0.0 2
740.474 37.915 911.250 0.000 0.000 0.000 0.0 0.0 0.0 2
740.474 37.915 911.250 0.000 0.000 0.000 0.0 0.0 0.0 2
740.474 37.515 911.250 0.000 0.000 0.000 0.0 0.0 0.0 2
740.474 37.515 911.250 0.000 0.000 0.000 0.0 0.0 0.0 2
740.474 37.115 911.250 0.000 0.000 0.000 0.0 0.0 0.0 2
740.474 37.115 911.250 0.000 0.000 0.000 0.0 0.0 0.0 2
740.474 36.715 911.250 0.000 0.000 0.000 0.0 0.0 0.0 2
740.474 36.715 911.250 0.000 0.000 0.000 0.0 0.0 0.0 2
740.474 36.315 911.250 0.000 0.000 0.000 0.0 0.0 0.0 2
740.474 36.315 911.250 0.000 0.000 0.000 0.0 0.0 0.0 2
740.474 35.915 911.250 0.000 0.000 0.000 0.0 0.0 0.0 2
740.474 35.915 911.250 0.000 0.000 0.000 0.0 0.0 0.0 2
740.474 35.515 911.250 0.000 0.000 0.000 0.0 0.0 0.0 2
740.474 35.515 911.250 0.000 0.000 0.000 0.0 0.0 0.0 2
740.474 35.115 911.250 0.000 0.000 0.000 0.0 0.0 0.0 2
740.474 35.115 911.250 0.000 0.000 0.000 0.0 0.0 0.0 2
740.474 34.715 911.250 0.000 0.000 0.000 0.0 0.0 0.0 2
740.474 34.715 911.250 0.000 0.000 0.000 0.0 0.0 0.0 2
740.474 34.315 911.250 0.000 0.000 0.000 0.0 0.0 0.0 2
740.474 34.315 911.250 0.000 0.000 0.000 0.0 0.0 0.0 2
740.474 33.915 911.250 0.000 0.000 0.000 0.0 0.0 0.0 2
740.474 33.915 911.250 0.000 0.000 0.000 0.0 0.0 0.0 2
740.474 33.515 911.250 0.000 0.000 0.000 0.0 0.0 0.0 2
740.474 33.515 911.250 0.000 0.000 0.000 0.0 0.0 0.0 2
740.474 33.115 911.250 0.000 0.000 0.000 0.0 0.0 0.0 2
740.474 33.115 911.250 0.000 0.000 0.000 0.0 0.0 0.0 2
740.474 32.715 911.250 0.000 0.000 0.000 0.0 0.0 0.0 2
740.474 32.315 911.250 0.000 0.000 0.000 0.0 0.0 0.0 2
740.474 32.315 911.250 0.000 0.000 0.000 0.0 0.0 0.0 2
740.474 31.915 911.250 0.000 0.000 0.000 0.0 0.0 0.0 2
740.474 31.915 911.250 0.000 0.000 0.000 0.0 0.0 0.0 2
740.474 31.760 911.250 0.000 0.000 0.000 0.0 0.0 0.0 2
740.474 31.760 911.250 0.000 0.000 0.000 0.0 0.0 0.0 2
740.474 31.760 911.250 0.000 0.000 0.000 0.0 0.0 0.0 2
740.474 31.760 911.250 0.000 0.000 0.000 0.0 0.0 0.0 2
740.474 31.760 911.250 0.000 0.000 0.000 0.0 0.0 0.0 2
740.474 31.760 911.250 0.000 0.000 0.000 0.0 0.0 0.0 2
740.474 31.760 911.250 0.000 0.000 0.000 0.0 0.0 0.0 2
740.474 31.760 911.250 0.000 0.000 0.000 0.0 0.0 0.0 2
740.474 31.760 911.250 0.000 0.000 0.000 0.0 0.0 0.0 2
740.474 31.760 911.250 0.000 0.000 0.000 0.0 0.0 0.0 2
740.474 31.760 911.250 0.000 0.000 0.000 0.0 0.0 0.0 2
740.474 31.760 911.250 0.000 0.000 0.000 0.0 0.0 0.0 2
740.474 31.760 911.250 0.000 0.000 0.000 0.0 0.0 0.0 2
740.474 31.760 911.250 0.000 0.000 0.000 0.0 0.0 0.0 2
740.474 31.760 911.250 0.000 0.000 0.000 0.0 0.0 0.0 2
740.474 31.760 911.250 0.000 0.000 0.000 0.0 0.0 0.0 2
740.474 31.760 911.250 0.000 0.000 0.000 0.0 0.0 0.0 2
740.474 31.760 911.250 0.000 0.000 0.000 0.0 0.0 0.0 2
740.474 31.760 911.250 0.000 0.000 0.000 0.0 0.0 0.0 2
740.474 31.760 911.250 0.000 0.000 0.000 0.0 0.0 0.0 2
740.474 31.760 911.250 0.000 0.000 0.000 0.0 0.0 0.0 2
740.474 31.760 911.250 0.000 0.000 0.000 0.0 0.0 0.0 2
740.474 31.760 911.250 0.000 0.000 0.000 0.0 0.0 0.0 2
740.474 31.760 911.250 0.000 0.000 0.000 0.0 0.0 0.0 2
740.474 31.760 911.250 0.000 0.000 0.000 0.0 0.0 0.0 2
740.474 31.760 911.250 0.000 0.000 0.000 0.0 0.0 0.0 2
740.474 31.760 911.250 0.000 0.000 0.000 0.0 0.0 0.0 2
740.474 31.760 911.250 0.000 0.000 0.000 0.0 0.0 0.0 2
740.474 31.760 911.250 0.000 0.000 0.000 0.0 0.0 0.0 2
740.474 31.760 911.250 0.000 0.000 0.000 0.0 0.0 0.0 2
740.474 31.760 911.250 0.000 0.000 0.000 0.0 0.0 0.0 2
740.474 31.760 911.250 0.000 0.000 0.000 0.0 0.0 0.0 2
740.474 31.760 911.250 0.000 0.000 0.000 0.0 0.0 0.0 2
740.474 31.760 911.250 0.000 0.000 0.000 0.0 0.0 0.0 2
740.474 31.760 911.250 0.000 0.000 0.000 0.0 0.0 0.0 2
740.474 31.760 911.250 0.000 0.000 0.000 0.0 0.0 0.0 2
740.474 31.760 911.250 0.000 0.000 0.000 0.0 0.0 0.0 2
740.474 31.760 911.250 0.000 0.000 0.000 0.0 0.0 0.0 2
740.474 31.760 911.250 0.000 0.000 0.000 0.0 0.0 0.0 2
740.474 31.760 911.250 0.000 0.000 0.000 0.0 0.0 0.0 2
740.474 31.760 911.250 0.000 0.000 0.000 0.0 0.0 0.0 2
740.474 31.760 911.250 0.000 0.000 0.000 0.0 0.0 0.0 2
740.474 31.760 911.250 0.000 0.000 0.000 0.0 0.0 0.0 2
740.474 31.760 911.250 0.000 0.000 0.000 0.0 0.0 0.0 2
740.474 31.760 911.250 0.000 0.000 0.000 0.0 0.0 0.0 2
740.474 31.760 911.250 0.000 0.000 0.000 0.0 0.0 0.0 2
740.474 31.760 911.250 0.000 0.000 0.000 0.0 0.0 0.0 2
740.474 31.760 911.250 0.000 0.000 0.000 0.0 0.0 0.0 2
740.474 31.760 911.250 0.000 0.000 0.000 0.0 0.0 0.0 2
740.474 31.760 911.250 0.000 0.000 0.000 0.0 0.0 0.0 2
740.474 31.760 911.250 0.000 0.000 0.000 0.0 0.0 0.0 2
740.474 31.760 911.250 0.000 0.000 0.000 0.0 0.0 0.0 2
740.474 31.760 911.250 0.000 0.000 0.000 0.0 0.0 0.0 2
740.474 31.760 911.250 0.000 0.000 0.000 0.0 0.0 0.0 2
740.474 31.760 911.250 0.000 0.000 0.000 0.0 0.0 0.0 2
740.474 31.760 911.250 0.000 0.000 0.000 0.0 0.0 0.0 2
740.474 31.760 911.250 0.000 0.000 0.000 0.0 0.0 0.0 2
740.474 31.760 911.250 0.000 0.000 0.000 0.0 0.0 0.0 2
740.474 31.760 911.250 0.000 0.000 0.000 0.0 0.0 0.0 2
740.474 31.760 911.250 0.000 0.000 0.000 0.0 0.0 0.0 2
740.474 31.760 911.250 0.000 0.000 0.000 0.0 0.0 0.0 2
740.474 31.760 911.250 0.000 0.000 0.000 0.0 0.0 0.0 2
740.474 31.760 911.250 0.000 0.000 0.000 0.0 0.0 0.0 2
740.474 31.760 911.250 0.000 0.000 0.000 0.0 0.0 0.0 2
740.474 31.760 911.250 0.000 0.000 0.000 0.0 0.0 0.0 2
740.474 31.760 911.250 0.000 0.000 0.000 0.0 0.0 0.0 2
740.474 31.760 911.250 0.000 0.000 0.000 0.0 0.0 0.0 2
740.474 31.760 911.250 0.000 0.000 0.000 0.0 0.0 0.0 2
740.474 31.760 911.250 0.000 0.000 0.000 0.0 0.0 0.0 2
740.474 31.760 911.250 0.000 0.000 0.000 0.0 0.0 0.0 2
740.474 31.760 911.250 0.000 0.000 0.000 0.0 0.0 0.0 2
740.474 31.760 911.250 0.000 0.000 0.000 0.0 0.0 0.0 2
740.474 31.760 911.250 0.000 0.000 0.000 0.0 0.0 0.0 2
740.474 31.760 911.250 0.000 0.000 0.000 0.0 0.0 0.0 2
740.474 31.760 911.250 0.000 0.000 0.000 0.0 0.0 0.0 2
740.474 31.760 911.250 0.000 0.000 0.000 0.0 0.0 0.0 2
740.474 31.760 911.250 0.000 0.000 0.000 0.0 0.0 0.0 2
740.474 31.760 911.250 0.000 0.000 0.000 0.0 0.0 0.0 2
740.474 31.760 911.250 0.000 0.000 0.000 0.0 0.0 0.0 2
740.474 31.760 911.250 0.000 0.000 0.000 0.0 0.0 0.0 2
740.474 31.760 911.250 0.000 0.000 0.000 0.0 0.0 0.0 2
740.474 31.760 911.250 0.000 0.000 0.000 0.0 0.0 0.0 2
740.474 31.760 911.250 0.000 0.000 0.000 0.0 0.0 0.0 2
740.474 31.760 911.250 0.000 0.000 0.000 0.0 0.0 0.0 2
740.474 31.760 911.250 0.000 0.000 0.000 0.0 0.0 0.0 2
740.474 31.760 911.250 0.000 0.000 0.000 0.0 0.0 0.0 2
740.474 31.760 911.250 0.000 0.000 0.000 0.0 0.0 0.0 2
740.474 31.760 911.250 0.000 0.000 0.000 0.0 0.0 0.0 2
740.474 31.760 911.250 0.000 0.000 0.000 0.0 0.0 0.0 2
740.474 31.760 911.250 0.000 0.000 0.000 0.0 0.0 0.0 2
740.474 31.760 911.250 0.000 0.000 0.000 0.0 0.0 0.0 2
740.474 31.760 911.250 0.000 0.000 0.000 0.0 0.0 0.0 2
740.474 31.760 911.250 0.000 0.000 0.000 0.0 0.0 0.0 2
740.474 31.760 911.250 0.000 0.000 0.000 0.0 0.0 0.0 2
740.474 31.760 911.250 0.000 0.000 0.000 0.0 0.0 0.0 2
740.474 31.760 911.250 0.000 0.000 0.000 0.0 0.0 0.0 2
740.474 31.760 911.250 0.000 0.000 0.000 0.0 0.0 0.0 2
740.474 31.760 911.250 0.000 0.000 0.000 0.0 0.0 0.0 2
740.474 31.760 911.250 0.000 0.000 0.000 0.0 0.0 0.0 2
740.474 31.760 911.250 0.000 0.000 0.000 0.0 0.0 0.0 2
740.474 31.760 911.250 0.000 0.000 0.000 0.0 0.0 0.0 2
740.474 31.760 911.250 0.000 0.000 0.000 0.0 0.0 0.0 2
740.474 31.760 911.250 0.000 0.000 0.000 0.0 0.0 0.0 2
740.474 31.760 911.250 0.000 0.000 0.000 0.0 0.0 0.0 2
740.474 31.760 911.250 0.000 0.000 0.000 0.0 0.0 0.0 2
740.474 31.760 911.250 0.000 0.000 0.000 0.0 0.0 0.0 2
740.474 31.760 911.250 0.000 0.000 0.000 0.0 0.0 0.0 2
740.474 31.760 911.250 0.000 0.000 0.000 0.0 0.0 0.0 2
740.474 31.760 911.250 0.000 0.000 0.000 0.0 0.0 0.0 2
740.474 31.760 911.250 0.000 0.000 0.000 0.0 0.0 0.0 2
740.474 31.760 911.250 0.000 0.000 0.000 0.0 0.0 0.0 2
740.474 31.760 911.250 0.000 0.000 0.000 0.0 0.0 0.0 2
740.474 31.760 911.250 0.000 0.000 0.000 0.0 0.0 0.0 2
740.474 31.760 911.250 0.000 0.000 0.000 0.0 0.0 0.0 2
740.474 31.760 911.250 0.000 0.000 0.000 0.0 0.0 0.0 2
740.474 31.760 911.250 0.000 0.000 0.000 0.0 0.0 0.0 2
740.474 31.760 911.250 0.000 0.000 0.000 0.0 0.0 0.0 2
740.474 31.760 911.250 0.000 0.000 0.000 0.0 0.0 0.0 2
740.474 31.760 911.250 0.000 0.000 0.000 0.0 0.0 0.0 2
740.474 31.760 911.250 0.000 0.000 0.000 0.0 0.0 0.0 2
740.474 31.760 911.250 0.000 0.000 0.000 0.0 0.0 0.0 2
740.474 31.760 911.250 0.000 0.000 0.000 0.0 0.0 0.0 2
740.474 31.760 911.250 0.000 0.000 0.000 0.0 0.0 0.0 2
740.474 31.760 911.250 0.000 0.000 0.000 0.0 0.0 0.0 2
740.474 31.760 911.250 0.000 0.000 0.000 0.0 0.0 0.0 2
740.474 31.760 911.250 0.000 0.000 0.000 0.0 0.0 0.0 2
740.474 31.760 911.250 0.000 0.000 0.000 0.0 0.0 0.0 2
740.474 31.760 911.250 0.000 0.000 0.000 0.0 0.0 0.0 2
740.474 31.760 911.250 0.000 0.000 0.000 0.0 0.0 0.0 2
740.474 31.760 911.250 0.000 0.000 0.000 0.0 0.0 0.0 2
740.474 31.760 911.250 0.000 0.000 0.000 0.0 0.0 0.0 2
740.474 31.760 911.250 0.000 0.000 0.000 0.0 0.0 0.0 2
740.474 31.760 911.250 0.000 0.000 0.000 0.0 0.0 0.0 2
740.474 31.760 911.250 0.000 0.000 0.000 0.0 0.0 0.0 2
740.474 31.760 911.250 0.000 0.000 0.000 0.0 0.0 0.0 2
740.474 31.760 911.250 0.000 0.000 0.000 0.0 0.0 0.0 2
740.474 31.760 911.250 0.000 0.000 0.000 0.0 0.0 0.0 2
740.474 31.760 911.250 0.000 0.000 0.000 0.0 0.0 0.0 2
740.474 31.760 911.250 0.000 0.000 0.000 0.0 0.0 0.0 2
740.474 31.760 911.250 0.000 0.000 0.000 0.0 0.0 0.0 2
740.474 31.760 911.250 0.000 0.000 0.000 0.0 0.0 0.0 2
740.474 31.760 911.250 0.000 0.000 0.000 0.0 0.0 0.0 2
740.474 31.760 911.250 0.000 0.000 0.000 0.0 0.0 0.0 2
740.474 31.760 911.250 0.000 0.000 0.000 0.0 0.0 0.0 2
740.474 31.760 911.250 0.000 0.000 0.000 0.0 0.0 0.0 2
740.474 31.760 911.250 0.000 0.000 0.000 0.0 0.0 0.0 2
740.474 31.760 911.250 0.000 0.000 0.000 0.0 0.0 0.0 2
740.474 31.760 911.250 0.000 0.000 0.000 0.0 0.0 0.0 2
740.474 31.760 911.250 0.000 0.000 0.000 0.0 0.0 0.0 2
740.474 31.760 911.250 0.000 0.000 0.000 0.0 0.0 0.0 2
740.474 31.760 911.250 0.000 0.000 0.000 0.0 0.0 0.0 2
740.474 31.760 911.250 0.000 0.000 0.000 0.0 0.0 0.0 2
740.474 31.760 911.250 0.000 0.000 0.000 0.0 0.0 0.0 2
740.474 31.760 911.250 0.000 0.000 0.000 0.0 0.0 0.0 2
740.474 31.760 911.250 0.000 0.000 0.000 0.0 0.0 0.0 2
740.474 31.760 911.250 0.000 0.000 0.000 0.0 0.0 0.0 2
740.474 31.760 911.250 0.000 0.000 0.000 0.0 0.0 0.0 2
740.474 31.760 911.250 0.000 0.000 0.000 0.0 0.0 0.0 2
740.474 31.760 911.250 0.000 0.000 0.000 0.0 0.0 0.0 2
740.474 31.760 911.250 0.000 0.000 0.000 0.0 0.0 0.0 2
740.474 31.760 911.250 0.000 0.000 0.000 0.0 0.0 0.0 2
740.474 31.760 911.250 0.000 0.000 0.000 0.0 0.0 0.0 2
740.474 31.760 911.250 0.000 0.000 0.000 0.0 0.0 0.0 2
740.474 31.760 911.250 0.000 0.000 0.000 0.0 0.0 0.0 2
740.474 31.760 911.250 0.000 0.000 0.000 0.0 0.0 0.0 2
740.474 31.760 911.250 0.000 0.000 0.000 0.0 0.0 0.0 2
740.474 31.760 911.250 0.000 0.000 0.000 0.0 0.0 0.0 2
740.474 31.760 911.250 0.000 0.000 0.000 0.0 0.0 0.0 2
740.474 31.760 911.250 0.000 0.000 0.000 0.0 0.0 0.0 2
740.474 31.760 911.250 0.000 0.000 0.000 0.0 0.0 0.0 2
740.474 31.760 911.250 0.000 0.000 0.000 0.0 0.0 0.0 2
740.474 31.760 911.250 0.000 0.000 0.000 0.0 0.0 0.0 2
740.474 31.760 911.250 0.000 0.000 0.000 0.0 0.0 0.0 2
740.474 31.760 911.250 0.000 0.000 0.000 0.0 0.0 0.0 2
740.474 31.760 911.250 0.000 0.000 0.000 0.0 0.0 0.0 2
740.474 31.760 911.250 0.000 0.000 0.000 0.0 0.0 0.0 2
740.474 31.760 911.250 0.000 0.000 0.000 0.0 0.0 0.0 2
740.474 31.760 911.250 0.000 0.000 0.000 0.0 0.0 0.0 2
740.474 31.760 911.250 0.000 0.000 0.000 0.0 0.0 0.0 2
740.474 31.760 911.250 0.000 0.000 0.000 0.0 0.0 0.0 2
740.474 31.760 911.250 0.000 0.000 0.000 0.0 0.0 0.0 2
740.474 31.760 911.250 0.000 0.000 0.000 0.0 0.0 0.0 2
740.474 31.760 911.250 0.000 0.000 0.000 0.0 0.0 0.0 2
740.474 31.760 911.250 0.000 0.000 0.000 0.0 0.0 0.0 2
740.474 31.760 911.250 0.000 0.000 0.000 0.0 0.0 0.0 2
740.474 31.760 911.250 0.000 0.000 0.000 0.0 0.0 0.0 2
740.474 31.760 911.250 0.000 0.000 0.000 0.0 0.0 0.0 2
740.474 31.760 911.250 0.000 0.000 0.000 0.0 0.0 0.0 2
740.474 31.760 911.250 0.000 0.000 0.000 0.0 0.0 0.0 2
740.474 31.760 911.250 0.000 0.000 0.000 0.0 0.0 0.0 2
740.474 31.760 911.250 0.000 0.000 0.000 0.0 0.0 0.0 2
740.474 31.760 911.250 0.000 0.000 0.000 0.0 0.0 0.0 2
740.474 31.760 911.250 0.000 0.000 0.000 0.0 0.0 0.0 2
740.474 31.760 911.250 0.000 0.000 0.000 0.0 0.0 0.0 2
740.474 31.760 911.250 0.000 0.000 0.000 0.0 0.0 0.0 2
740.474 31.760 911.250 0.000 0.000 0.000 0.0 0.0 0.0 2
740.474 31.760 911.250 0.000 0.000 0.000 0.0 0.0 0.0 2
740.474 31.760 911.250 0.000 0.000 0.000 0.0 0.0 0.0 2
740.474 31.760 911.250 0.000 0.000 0.000 0.0 0.0 0.0 2
740.474 31.760 911.250 0.000 0.000 0.000 0.0 0.0 0.0 2
740.474 31.760 911.250 0.000 0.000 0.000 0.0 0.0 0.0 2
740.474 31.760 911.250 0.000 0.000 0.000 0.0 0.0 0.0 2
740.474 31.760 911.250 0.000 0.000 0.000 0.0 0.0 0.0 2
740.474 31.760 911.250 0.000 0.000 0.000 0.0 0.0 0.0 2
740.474 31.760 911.250 0.000 0.000 0.000 0.0 0.0 0.0 2
740.474 31.760 911.250 0.000 0.000 0.000 0.0 0.0 0.0 2
740.474 31.760 911.250 0.000 0.000 0.000 0.0 0.0 0.0 2
740.474 31.760 911.250 0.000 0.000 0.000 0.0 0.0 0.0 2
740.474 31.760 911.250 0.000 0.000 0.000 0.0 0.0 0.0 2
740.474 31.760 911.250 0.000 0.000 0.000 0.0 0.0 0.0 2
740.474 31.760 911.250 0.000 0.000 0.000 0.0 0.0 0.0 2
740.474 31.760 911.250 0.000 0.000 0.000 0.0 0.0 0.0 2
740.474 31.760 911.250 0.000 0.000 0.000 0.0 0.0 0.0 2
740.474 31.760 911.250 0.000 0.000 0.000 0.0 0.0 0.0 2
740.474 31.760 911.250 0.000 0.000 0.000 0.0 0.0 0.0 2
740.474 31.760 911.250 0.000 0.000 0.000 0.0 0.0 0.0 2
740.474 31.760 911.250 0.000 0.000 0.000 0.0 0.0 0.0 2
740.474 31.760 911.250 0.000 0.000 0.000 0.0 0.0 0.0 2
740.474 31.760 911.250 0.000 0.000 0.000 0.0 0.0 0.0 2
740.474 31.760 911.250 0.000 0.000 0.000 0.0 0.0 0.0 2
740.474 31.760 911.250 0.000 0.000 0.000 0.0 0.0 0.0 2
740.474 31.760 911.250 0.000 0.000 0.000 0.0 0.0 0.0 2
740.474 31.760 911.250 0.000 0.000 0.000 0.0 0.0 0.0 2
740.474 31.760 911.250 0.000 0.000 0.000 0.0 0.0 0.0 2
740.474 31.760 911.250 0.000 0.000 0.000 0.0 0.0 0.0 2
740.474 31.760 911.250 0.000 0.000 0.000 0.0 0.0 0.0 2
740.474 31.760 911.250 0.000 0.000 0.000 0.0 0.0 0.0 2
740.474 31.760 911.250 0.000 0.000 0.000 0.0 0.0 0.0 2
740.474 31.760 911.250 0.000 0.000 0.000 0.0 0.0 0.0 2
740.474 31.760 911.250 0.000 0.000 0.000 0.0 0.0 0.0 2
740.474 31.760 911.250 0.000 0.000 0.000 0.0 0.0 0.0 2
740.474 31.760 911.250 0.000 0.000 0.000 0.0 0.0 0.0 2
740.474 31.760 911.250 0.000 0.000 0.000 0.0 0.0 0.0 2
740.474 31.760 911.250 0.000 0.000 0.000 0.0 0.0 0.0 2
740.474 31.760 911.250 0.000 0.000 0.000 0.0 0.0 0.0 2
740.474 31.760 911.250 0.000 0.000 0.000 0.0 0.0 0.0 2
740.474 31.760 911.250 0.000 0.000 0.000 0.0 0.0 0.0 2
740.474 31.760 911.250 0.000 0.000 0.000 0.0 0.0 0.0 2
740.474 31.760 911.250 0.000 0.000 0.000 0.0 0.0 0.0 2
740.474 31.760 911.250 0.000 0.000 0.000 0.0 0.0 0.0 2
740.474 31.760 911.250 0.000 0.000 0.000 0.0 0.0 0.0 2
740.474 31.760 911.250 0.000 0.000 0.000 0.0 0.0 0.0 2
