SubjectNumber:Number
Gender:Gender
Age:Age
    Pos(x,y,z)                    Rot(x,y,z)                         Camera(x,y,z)     SetNumber
740.474 31.760 911.250 0.000 0.000 0.000 0.0 0.0 0.0 1
740.474 31.760 911.250 0.000 0.000 0.000 0.0 0.0 0.0 1
740.474 31.760 911.250 0.000 0.000 0.000 0.0 0.0 0.0 1
740.474 31.760 911.250 0.000 0.000 0.000 0.0 0.0 0.0 1
740.474 31.760 911.250 0.000 0.000 0.000 0.0 0.0 0.0 1
740.474 31.760 911.250 0.000 0.000 0.000 0.0 0.0 0.0 1
740.474 31.760 911.250 0.000 0.000 0.000 0.0 0.0 0.0 1
740.474 31.760 911.250 0.000 0.000 0.000 0.0 0.0 0.0 1
740.474 31.760 911.250 0.000 0.000 0.000 0.0 0.0 0.0 1
740.474 31.760 911.250 0.000 0.000 0.000 0.0 0.0 0.0 1
740.474 31.760 911.250 0.000 0.000 0.000 0.0 0.0 0.0 1
740.474 31.760 911.250 0.000 0.000 0.000 0.0 0.0 0.0 1
740.474 31.760 911.250 0.000 0.000 0.000 0.0 0.0 0.0 1
740.474 31.760 911.250 0.000 0.000 0.000 0.0 0.0 0.0 1
740.475 31.760 911.251 0.000 0.000 0.000 0.0 0.0 0.0 1
740.475 31.760 911.251 0.000 0.000 0.000 0.0 0.0 0.0 1
740.475 31.760 911.251 0.000 0.000 0.000 0.0 0.0 0.0 1
740.475 31.760 911.251 0.000 0.000 0.000 0.0 0.0 0.0 1
740.475 31.760 911.251 0.000 0.000 0.000 0.0 0.0 0.0 1
740.475 31.760 911.251 0.000 0.000 0.000 0.0 0.0 0.0 1
740.475 31.760 911.251 0.000 0.000 0.000 0.0 0.0 0.0 1
740.475 31.760 911.251 0.000 0.000 0.000 0.0 0.0 0.0 1
740.475 31.760 911.251 0.000 0.000 0.000 0.0 0.0 0.0 1
740.475 31.760 911.251 0.000 0.000 0.000 0.0 0.0 0.0 1
740.475 31.760 911.251 0.000 0.000 0.000 0.0 0.0 0.0 1
740.475 31.760 911.251 0.000 0.000 0.000 0.0 0.0 0.0 1
740.475 31.760 911.251 0.000 0.000 0.000 0.0 0.0 0.0 1
740.475 31.760 911.251 0.000 0.000 0.000 0.0 0.0 0.0 1
740.475 31.760 911.251 0.000 0.000 0.000 0.0 0.0 0.0 1
740.475 31.760 911.251 0.000 0.000 0.000 0.0 0.0 0.0 1
740.475 31.760 911.251 0.000 0.000 0.000 0.0 0.0 0.0 1
740.475 31.760 911.251 0.000 0.000 0.000 0.0 0.0 0.0 1
740.475 31.760 911.251 0.000 0.000 0.000 0.0 0.0 0.0 1
740.475 31.760 911.251 0.000 0.000 0.000 0.0 0.0 0.0 1
740.475 31.760 911.251 0.000 0.000 0.000 0.0 0.0 0.0 1
740.475 31.760 911.251 0.000 0.000 0.000 0.0 0.0 0.0 1
740.475 31.760 911.251 0.000 0.000 0.000 0.0 0.0 0.0 1
740.475 31.760 911.251 0.000 0.000 0.000 0.0 0.0 0.0 1
740.475 31.760 911.251 0.000 0.000 0.000 0.0 0.0 0.0 1
740.475 31.760 911.251 0.000 0.000 0.000 0.0 0.0 0.0 1
740.475 31.760 911.251 0.000 0.000 0.000 0.0 0.0 0.0 1
740.475 31.760 911.251 0.000 0.000 0.000 0.0 0.0 0.0 1
740.475 31.760 911.251 0.000 0.000 0.000 0.0 0.0 0.0 1
740.475 31.760 911.251 0.000 0.000 0.000 0.0 0.0 0.0 1
740.475 31.760 911.251 0.000 0.000 0.000 0.0 0.0 0.0 1
740.475 31.760 911.251 0.000 0.000 0.000 0.0 0.0 0.0 1
740.475 31.760 911.251 0.000 0.000 0.000 0.0 0.0 0.0 1
740.475 31.760 911.251 0.000 0.000 0.000 0.0 0.0 0.0 1
740.475 31.760 911.251 0.000 0.000 0.000 0.0 0.0 0.0 1
740.475 31.760 911.251 0.000 0.000 0.000 0.0 0.0 0.0 1
740.475 31.760 911.251 0.000 0.000 0.000 0.0 0.0 0.0 1
740.475 31.760 911.251 0.000 0.000 0.000 0.0 0.0 0.0 1
740.475 31.760 911.251 0.000 0.000 0.000 0.0 0.0 0.0 1
740.475 31.760 911.251 0.000 0.000 0.000 0.0 0.0 0.0 1
740.475 31.760 911.251 0.000 0.000 0.000 0.0 0.0 0.0 1
740.475 31.760 911.251 0.000 0.000 0.000 0.0 0.0 0.0 1
740.475 31.760 911.251 0.000 0.000 0.000 0.0 0.0 0.0 1
740.475 31.760 911.251 0.000 0.000 0.000 0.0 0.0 0.0 1
740.475 31.760 911.251 0.000 0.000 0.000 0.0 0.0 0.0 1
740.475 31.760 911.251 0.000 0.000 0.000 0.0 0.0 0.0 1
740.475 31.760 911.251 0.000 0.000 0.000 0.0 0.0 0.0 1
740.475 31.760 911.251 0.000 0.000 0.000 0.0 0.0 0.0 1
740.475 31.760 911.251 0.000 0.000 0.000 0.0 0.0 0.0 1
740.475 31.760 911.251 0.000 0.000 0.000 0.0 0.0 0.0 1
740.475 31.760 911.251 0.000 0.000 0.000 0.0 0.0 0.0 1
740.475 31.760 911.251 0.000 0.000 0.000 0.0 0.0 0.0 1
740.475 31.760 911.251 0.000 0.000 0.000 0.0 0.0 0.0 1
740.475 31.760 911.251 0.000 0.000 0.000 0.0 0.0 0.0 1
740.475 31.760 911.251 0.000 0.000 0.000 0.0 0.0 0.0 1
740.475 31.760 911.251 0.000 0.000 0.000 0.0 0.0 0.0 1
740.475 31.760 911.251 0.000 0.000 0.000 0.0 0.0 0.0 1
740.475 31.760 911.251 0.000 0.000 0.000 0.0 0.0 0.0 1
740.475 31.760 911.251 0.000 0.000 0.000 0.0 0.0 0.0 1
740.475 31.760 911.251 0.000 0.000 0.000 0.0 0.0 0.0 1
740.475 31.760 911.251 0.000 0.000 0.000 0.0 0.0 0.0 1
740.475 31.760 911.251 0.000 0.000 0.000 0.0 0.0 0.0 1
740.475 31.760 911.251 0.000 0.000 0.000 0.0 0.0 0.0 1
740.475 31.760 911.251 0.000 0.000 0.000 0.0 0.0 0.0 1
740.475 31.760 911.251 0.000 0.000 0.000 0.0 0.0 0.0 1
740.475 31.760 911.251 0.000 0.000 0.000 0.0 0.0 0.0 1
740.475 31.760 911.251 0.000 0.000 0.000 0.0 0.0 0.0 1
740.475 31.760 911.251 0.000 0.000 0.000 0.0 0.0 0.0 1
740.475 31.760 911.251 0.000 0.000 0.000 0.0 0.0 0.0 1
740.475 31.760 911.251 0.000 0.000 0.000 0.0 0.0 0.0 1
740.475 31.760 911.251 0.000 0.000 0.000 0.0 0.0 0.0 1
740.475 31.760 911.251 0.000 0.000 0.000 0.0 0.0 0.0 1
740.475 31.760 911.251 0.000 0.000 0.000 0.0 0.0 0.0 1
740.475 31.760 911.251 0.000 0.000 0.000 0.0 0.0 0.0 1
740.475 31.760 911.251 0.000 0.000 0.000 0.0 0.0 0.0 1
740.475 31.760 911.251 0.000 0.000 0.000 0.0 0.0 0.0 1
740.475 31.760 911.251 0.000 0.000 0.000 0.0 0.0 0.0 1
740.475 31.760 911.251 0.000 0.000 0.000 0.0 0.0 0.0 1
740.475 31.760 911.251 0.000 0.000 0.000 0.0 0.0 0.0 1
740.475 31.760 911.251 0.000 0.000 0.000 0.0 0.0 0.0 1
740.475 31.760 911.251 0.000 0.000 0.000 0.0 0.0 0.0 1
740.475 31.760 911.251 0.000 0.000 0.000 0.0 0.0 0.0 1
740.475 31.760 911.251 0.000 0.000 0.000 0.0 0.0 0.0 1
740.475 31.760 911.251 0.000 0.000 0.000 0.0 0.0 0.0 1
740.475 31.760 911.251 0.000 0.000 0.000 0.0 0.0 0.0 1
740.475 31.760 911.251 0.000 0.000 0.000 0.0 0.0 0.0 1
740.475 31.760 911.251 0.000 0.000 0.000 0.0 0.0 0.0 1
740.475 31.760 911.251 0.000 0.000 0.000 0.0 0.0 0.0 1
740.475 31.760 911.251 0.000 0.000 0.000 0.0 0.0 0.0 1
740.475 31.760 911.251 0.000 0.000 0.000 0.0 0.0 0.0 1
740.475 31.760 911.251 0.000 0.000 0.000 0.0 0.0 0.0 1
740.475 31.760 911.251 0.000 0.000 0.000 0.0 0.0 0.0 1
740.475 31.760 911.251 0.000 0.000 0.000 0.0 0.0 0.0 1
740.475 31.760 911.251 0.000 0.000 0.000 0.0 0.0 0.0 1
740.475 31.760 911.251 0.000 0.000 0.000 0.0 0.0 0.0 1
740.475 31.760 911.251 0.000 0.000 0.000 0.0 0.0 0.0 1
740.475 31.760 911.251 0.000 0.000 0.000 0.0 0.0 0.0 1
740.475 31.760 911.251 0.000 0.000 0.000 0.0 0.0 0.0 1
740.475 31.760 911.251 0.000 0.000 0.000 0.0 0.0 0.0 1
740.475 31.760 911.251 0.000 0.000 0.000 0.0 0.0 0.0 1
740.475 31.760 911.251 0.000 0.000 0.000 0.0 0.0 0.0 1
740.475 31.760 911.251 0.000 0.000 0.000 0.0 0.0 0.0 1
740.475 31.760 911.251 0.000 0.000 0.000 0.0 0.0 0.0 1
740.475 31.760 911.251 0.000 0.000 0.000 0.0 0.0 0.0 1
740.475 31.760 911.251 0.000 0.000 0.000 0.0 0.0 0.0 1
740.475 31.760 911.251 0.000 0.000 0.000 0.0 0.0 0.0 1
740.475 31.760 911.251 0.000 0.000 0.000 0.0 0.0 0.0 1
740.475 31.760 911.251 0.000 0.000 0.000 0.0 0.0 0.0 1
740.475 31.760 911.251 0.000 0.000 0.000 0.0 0.0 0.0 1
740.475 31.760 911.251 0.000 0.000 0.000 0.0 0.0 0.0 1
740.475 31.760 911.251 0.000 0.000 0.000 0.0 0.0 0.0 1
740.475 31.760 911.251 0.000 0.000 0.000 0.0 0.0 0.0 1
740.475 31.760 911.251 0.000 0.000 0.000 0.0 0.0 0.0 1
740.475 31.760 911.251 0.000 0.000 0.000 0.0 0.0 0.0 1
740.475 31.760 911.251 0.000 0.000 0.000 0.0 0.0 0.0 1
740.475 31.760 911.251 0.000 0.000 0.000 0.0 0.0 0.0 1
740.475 31.760 911.251 0.000 0.000 0.000 0.0 0.0 0.0 1
740.475 31.760 911.251 0.000 0.000 0.000 0.0 0.0 0.0 1
740.475 31.760 911.251 0.000 0.000 0.000 0.0 0.0 0.0 1
740.475 31.760 911.251 0.000 0.000 0.000 0.0 0.0 0.0 1
740.475 31.760 911.251 0.000 0.000 0.000 0.0 0.0 0.0 1
740.475 31.760 911.251 0.000 0.000 0.000 0.0 0.0 0.0 1
740.475 31.760 911.251 0.000 0.000 0.000 0.0 0.0 0.0 1
740.475 31.760 911.251 0.000 0.000 0.000 0.0 0.0 0.0 1
740.475 31.760 911.251 0.000 0.000 0.000 0.0 0.0 0.0 1
740.475 31.760 911.251 0.000 0.000 0.000 0.0 0.0 0.0 1
740.475 31.760 911.251 0.000 0.000 0.000 0.0 0.0 0.0 1
740.475 31.760 911.251 0.000 0.000 0.000 0.0 0.0 0.0 1
740.475 31.760 911.251 0.000 0.000 0.000 0.0 0.0 0.0 1
740.475 31.760 911.251 0.000 0.000 0.000 0.0 0.0 0.0 1
740.475 31.760 911.251 0.000 0.000 0.000 0.0 0.0 0.0 1
740.475 31.760 911.251 0.000 0.000 0.000 0.0 0.0 0.0 1
740.475 31.760 911.251 0.000 0.000 0.000 0.0 0.0 0.0 1
740.475 31.760 911.251 0.000 0.000 0.000 0.0 0.0 0.0 1
740.475 31.760 911.251 0.000 0.000 0.000 0.0 0.0 0.0 1
740.475 31.760 911.251 0.000 0.000 0.000 0.0 0.0 0.0 1
740.474 54.507 911.250 0.000 0.000 0.000 0.0 0.0 0.0 2
740.474 54.507 911.250 0.000 0.000 0.000 0.0 0.0 0.0 2
740.474 54.491 911.250 0.000 0.000 0.000 0.0 0.0 0.0 2
740.474 54.491 911.250 0.000 0.000 0.000 0.0 0.0 0.0 2
740.474 54.467 911.250 0.000 0.000 0.000 0.0 0.0 0.0 2
740.474 54.467 911.250 0.000 0.000 0.000 0.0 0.0 0.0 2
740.474 54.435 911.250 0.000 0.000 0.000 0.0 0.0 0.0 2
740.474 54.435 911.250 0.000 0.000 0.000 0.0 0.0 0.0 2
740.474 54.395 911.250 0.000 0.000 0.000 0.0 0.0 0.0 2
740.474 54.395 911.250 0.000 0.000 0.000 0.0 0.0 0.0 2
740.474 54.347 911.250 0.000 0.000 0.000 0.0 0.0 0.0 2
740.474 54.291 911.250 0.000 0.000 0.000 0.0 0.0 0.0 2
740.474 54.291 911.250 0.000 0.000 0.000 0.0 0.0 0.0 2
740.474 54.227 911.250 0.000 0.000 0.000 0.0 0.0 0.0 2
740.474 54.227 911.250 0.000 0.000 0.000 0.0 0.0 0.0 2
740.474 54.155 911.250 0.000 0.000 0.000 0.0 0.0 0.0 2
740.474 54.155 911.250 0.000 0.000 0.000 0.0 0.0 0.0 2
740.474 54.075 911.250 0.000 0.000 0.000 0.0 0.0 0.0 2
740.474 54.075 911.250 0.000 0.000 0.000 0.0 0.0 0.0 2
740.474 53.987 911.250 0.000 0.000 0.000 0.0 0.0 0.0 2
740.474 53.987 911.250 0.000 0.000 0.000 0.0 0.0 0.0 2
740.474 53.891 911.250 0.000 0.000 0.000 0.0 0.0 0.0 2
