SubjectNumber:Number
Gender:Gender
Age:Age
    Pos(x,y,z)                    Rot(x,y,z)                         Camera(x,y,z)     SetNumber
744.554 31.760 939.381 0.000 15.200 0.000 0.0 15.2 0.0 1
744.554 31.760 939.381 0.000 15.200 0.000 0.0 15.2 0.0 1
744.554 31.760 939.381 0.000 15.200 0.000 0.0 15.2 0.0 1
744.554 31.760 939.381 0.000 15.200 0.000 0.0 15.2 0.0 1
744.554 31.760 939.381 0.000 15.200 0.000 0.0 15.2 0.0 1
744.554 31.760 939.381 0.000 15.200 0.000 0.0 15.2 0.0 1
744.554 31.760 939.381 0.000 15.200 0.000 0.0 15.2 0.0 1
744.554 31.760 939.381 0.000 15.200 0.000 0.0 15.2 0.0 1
744.554 31.760 939.381 0.000 15.200 0.000 0.0 15.2 0.0 1
744.554 31.760 939.381 0.000 15.200 0.000 0.0 15.2 0.0 1
744.554 31.760 939.381 0.000 15.200 0.000 0.0 15.2 0.0 1
744.554 31.760 939.381 0.000 15.200 0.000 0.0 15.2 0.0 1
744.554 31.760 939.381 0.000 15.200 0.000 0.0 15.2 0.0 1
744.554 31.760 939.381 0.000 15.200 0.000 0.0 15.2 0.0 1
744.554 31.760 939.381 0.000 15.200 0.000 0.0 15.2 0.0 1
744.554 31.760 939.381 0.000 15.200 0.000 0.0 15.2 0.0 1
744.554 31.760 939.381 0.000 15.200 0.000 0.0 15.2 0.0 1
744.554 31.760 939.381 0.000 15.200 0.000 0.0 15.2 0.0 1
744.554 31.760 939.381 0.000 15.200 0.000 0.0 15.2 0.0 1
744.554 31.760 939.381 0.000 15.200 0.000 0.0 15.2 0.0 1
744.554 31.760 939.381 0.000 15.200 0.000 0.0 15.2 0.0 1
744.554 31.760 939.381 0.000 15.200 0.000 0.0 15.2 0.0 1
744.554 31.760 939.381 0.000 15.200 0.000 0.0 15.2 0.0 1
744.554 31.760 939.381 0.000 15.200 0.000 0.0 15.2 0.0 1
744.554 31.760 939.381 0.000 15.200 0.000 0.0 15.2 0.0 1
744.554 31.760 939.381 0.000 15.200 0.000 0.0 15.2 0.0 1
744.554 31.760 939.381 0.000 15.200 0.000 0.0 15.2 0.0 1
744.554 31.760 939.381 0.000 15.200 0.000 0.0 15.2 0.0 1
744.554 31.760 939.381 0.000 15.200 0.000 0.0 15.2 0.0 1
744.554 31.760 939.381 0.000 15.200 0.000 0.0 15.2 0.0 1
744.554 31.760 939.381 0.000 15.200 0.000 0.0 15.2 0.0 1
744.554 31.760 939.381 0.000 15.200 0.000 0.0 15.2 0.0 1
744.554 31.760 939.381 0.000 15.200 0.000 0.0 15.2 0.0 1
744.554 31.760 939.381 0.000 15.200 0.000 0.0 15.2 0.0 1
744.554 31.760 939.381 0.000 15.200 0.000 0.0 15.2 0.0 1
744.554 31.760 939.381 0.000 15.200 0.000 0.0 15.2 0.0 1
744.554 31.760 939.381 0.000 15.200 0.000 0.0 15.2 0.0 1
744.554 31.760 939.381 0.000 15.200 0.000 0.0 15.2 0.0 1
744.554 31.760 939.381 0.000 15.200 0.000 0.0 15.2 0.0 1
744.554 31.760 939.381 0.000 15.200 0.000 0.0 15.2 0.0 1
744.554 31.760 939.381 0.000 15.200 0.000 0.0 15.2 0.0 1
744.554 31.760 939.381 0.000 15.200 0.000 0.0 15.2 0.0 1
744.554 31.760 939.381 0.000 15.200 0.000 0.0 15.2 0.0 1
744.554 31.760 939.381 0.000 15.200 0.000 0.0 15.2 0.0 1
744.554 31.760 939.381 0.000 15.200 0.000 0.0 15.2 0.0 1
744.554 31.760 939.381 0.000 15.200 0.000 0.0 15.2 0.0 1
744.554 31.760 939.381 0.000 15.200 0.000 0.0 15.2 0.0 1
744.554 31.760 939.381 0.000 15.200 0.000 0.0 15.2 0.0 1
744.554 31.760 939.381 0.000 15.200 0.000 0.0 15.2 0.0 1
744.554 31.760 939.381 0.000 15.200 0.000 0.0 15.2 0.0 1
744.554 31.760 939.381 0.000 15.200 0.000 0.0 15.2 0.0 1
744.554 31.760 939.381 0.000 15.200 0.000 0.0 15.2 0.0 1
744.554 31.760 939.381 0.000 15.200 0.000 0.0 15.2 0.0 1
744.554 31.760 939.381 0.000 15.200 0.000 0.0 15.2 0.0 1
744.554 31.760 939.381 0.000 15.200 0.000 0.0 15.2 0.0 1
744.554 31.760 939.381 0.000 15.200 0.000 0.0 15.2 0.0 1
744.554 31.760 939.381 0.000 15.200 0.000 0.0 15.2 0.0 1
744.554 31.760 939.381 0.000 15.200 0.000 0.0 15.2 0.0 1
744.554 31.760 939.381 0.000 15.200 0.000 0.0 15.2 0.0 1
744.554 31.760 939.381 0.000 15.200 0.000 0.0 15.2 0.0 1
744.554 31.760 939.381 0.000 15.200 0.000 0.0 15.2 0.0 1
744.554 31.760 939.381 0.000 15.200 0.000 0.0 15.2 0.0 1
744.554 31.760 939.381 0.000 15.200 0.000 0.0 15.2 0.0 1
744.554 31.760 939.381 0.000 15.200 0.000 0.0 15.2 0.0 1
744.554 31.760 939.381 0.000 15.200 0.000 0.0 15.2 0.0 1
744.554 31.760 939.381 0.000 15.200 0.000 0.0 15.2 0.0 1
744.554 31.760 939.381 0.000 15.200 0.000 0.0 15.2 0.0 1
744.554 31.760 939.381 0.000 15.200 0.000 0.0 15.2 0.0 1
744.554 31.760 939.381 0.000 15.200 0.000 0.0 15.2 0.0 1
744.554 31.760 939.381 0.000 15.200 0.000 0.0 15.2 0.0 1
744.554 31.760 939.381 0.000 15.200 0.000 0.0 15.2 0.0 1
744.554 31.760 939.381 0.000 15.200 0.000 0.0 15.2 0.0 1
744.554 31.760 939.381 0.000 15.200 0.000 0.0 15.2 0.0 1
744.554 31.760 939.381 0.000 15.200 0.000 0.0 15.2 0.0 1
744.554 31.760 939.381 0.000 15.200 0.000 0.0 15.2 0.0 1
744.554 31.760 939.381 0.000 15.200 0.000 0.0 15.2 0.0 1
744.554 31.760 939.381 0.000 15.200 0.000 0.0 15.2 0.0 1
744.554 31.760 939.381 0.000 15.200 0.000 0.0 15.2 0.0 1
744.554 31.760 939.381 0.000 15.200 0.000 0.0 15.2 0.0 1
744.554 31.760 939.381 0.000 15.200 0.000 0.0 15.2 0.0 1
744.554 31.760 939.381 0.000 15.200 0.000 0.0 15.2 0.0 1
744.554 31.760 939.381 0.000 15.200 0.000 0.0 15.2 0.0 1
744.554 31.760 939.381 0.000 15.200 0.000 0.0 15.2 0.0 1
744.554 31.760 939.381 0.000 15.200 0.000 0.0 15.2 0.0 1
744.554 31.760 939.381 0.000 15.200 0.000 0.0 15.2 0.0 1
744.554 31.760 939.381 0.000 15.200 0.000 0.0 15.2 0.0 1
744.554 31.760 939.381 0.000 15.200 0.000 0.0 15.2 0.0 1
744.554 31.760 939.381 0.000 15.200 0.000 0.0 15.2 0.0 1
744.554 31.760 939.381 0.000 15.200 0.000 0.0 15.2 0.0 1
744.554 31.760 939.381 0.000 15.200 0.000 0.0 15.2 0.0 1
744.554 31.760 939.381 0.000 15.200 0.000 0.0 15.2 0.0 1
744.554 31.760 939.381 0.000 15.200 0.000 0.0 15.2 0.0 1
744.554 31.760 939.381 0.000 15.200 0.000 0.0 15.2 0.0 1
744.554 31.760 939.381 0.000 15.200 0.000 0.0 15.2 0.0 1
744.554 31.760 939.381 0.000 15.200 0.000 0.0 15.2 0.0 1
744.554 31.760 939.381 0.000 15.200 0.000 0.0 15.2 0.0 1
744.554 31.760 939.381 0.000 15.200 0.000 0.0 15.2 0.0 1
744.554 31.760 939.381 0.000 15.200 0.000 0.0 15.2 0.0 1
744.554 31.760 939.381 0.000 15.200 0.000 0.0 15.2 0.0 1
744.554 31.760 939.381 0.000 15.200 0.000 0.0 15.2 0.0 1
744.554 31.760 939.381 0.000 15.200 0.000 0.0 15.2 0.0 1
744.554 31.760 939.381 0.000 15.200 0.000 0.0 15.2 0.0 1
744.554 31.760 939.381 0.000 15.200 0.000 0.0 15.2 0.0 1
744.554 31.760 939.381 0.000 15.200 0.000 0.0 15.2 0.0 1
744.554 31.760 939.381 0.000 15.200 0.000 0.0 15.2 0.0 1
744.554 31.760 939.381 0.000 15.200 0.000 0.0 15.2 0.0 1
744.554 31.760 939.381 0.000 15.200 0.000 0.0 15.2 0.0 1
744.554 31.760 939.381 0.000 15.200 0.000 0.0 15.2 0.0 1
744.554 31.760 939.381 0.000 15.200 0.000 0.0 15.2 0.0 1
744.554 31.760 939.381 0.000 15.200 0.000 0.0 15.2 0.0 1
744.554 31.760 939.381 0.000 15.200 0.000 0.0 15.2 0.0 1
744.554 31.760 939.381 0.000 15.200 0.000 0.0 15.2 0.0 1
744.554 31.760 939.381 0.000 15.200 0.000 0.0 15.2 0.0 1
744.554 31.760 939.381 0.000 15.200 0.000 0.0 15.2 0.0 1
744.554 31.760 939.381 0.000 15.200 0.000 0.0 15.2 0.0 1
744.554 31.760 939.381 0.000 15.200 0.000 0.0 15.2 0.0 1
744.554 31.760 939.381 0.000 15.200 0.000 0.0 15.2 0.0 1
744.554 31.760 939.381 0.000 15.200 0.000 0.0 15.2 0.0 1
744.554 31.760 939.381 0.000 15.200 0.000 0.0 15.2 0.0 1
744.554 31.760 939.381 0.000 15.200 0.000 0.0 15.2 0.0 1
744.554 31.760 939.381 0.000 15.200 0.000 0.0 15.2 0.0 1
744.554 31.760 939.381 0.000 15.200 0.000 0.0 15.2 0.0 1
744.554 31.760 939.381 0.000 15.200 0.000 0.0 15.2 0.0 1
744.554 31.760 939.381 0.000 15.200 0.000 0.0 15.2 0.0 1
744.554 31.760 939.381 0.000 15.200 0.000 0.0 15.2 0.0 1
744.554 31.760 939.381 0.000 15.200 0.000 0.0 15.2 0.0 1
744.554 31.760 939.381 0.000 15.200 0.000 0.0 15.2 0.0 1
744.554 31.760 939.381 0.000 15.200 0.000 0.0 15.2 0.0 1
744.554 31.760 939.381 0.000 15.200 0.000 0.0 15.2 0.0 1
744.554 31.760 939.381 0.000 15.200 0.000 0.0 15.2 0.0 1
744.554 31.760 939.381 0.000 15.200 0.000 0.0 15.2 0.0 1
744.554 31.760 939.381 0.000 15.200 0.000 0.0 15.2 0.0 1
744.554 31.760 939.381 0.000 15.200 0.000 0.0 15.2 0.0 1
744.554 31.760 939.381 0.000 15.200 0.000 0.0 15.2 0.0 1
744.554 31.760 939.381 0.000 15.200 0.000 0.0 15.2 0.0 1
744.554 31.760 939.381 0.000 15.200 0.000 0.0 15.2 0.0 1
744.554 31.760 939.381 0.000 15.200 0.000 0.0 15.2 0.0 1
744.554 31.760 939.381 0.000 15.200 0.000 0.0 15.2 0.0 1
744.554 31.760 939.381 0.000 15.200 0.000 0.0 15.2 0.0 1
744.554 31.760 939.381 0.000 15.200 0.000 0.0 15.2 0.0 1
744.554 31.760 939.381 0.000 15.200 0.000 0.0 15.2 0.0 1
744.554 31.760 939.381 0.000 15.200 0.000 0.0 15.2 0.0 1
744.554 31.760 939.381 0.000 15.200 0.000 0.0 15.2 0.0 1
744.554 31.760 939.381 0.000 15.200 0.000 0.0 15.2 0.0 1
744.554 31.760 939.381 0.000 15.200 0.000 0.0 15.2 0.0 1
744.554 31.760 939.381 0.000 15.200 0.000 0.0 15.2 0.0 1
744.554 31.760 939.381 0.000 15.200 0.000 0.0 15.2 0.0 1
744.554 31.760 939.381 0.000 15.200 0.000 0.0 15.2 0.0 1
744.554 31.760 939.381 0.000 15.200 0.000 0.0 15.2 0.0 1
744.554 31.760 939.381 0.000 15.200 0.000 0.0 15.2 0.0 1
744.554 31.760 939.381 0.000 15.200 0.000 0.0 15.2 0.0 1
744.554 31.760 939.381 0.000 15.200 0.000 0.0 15.2 0.0 1
744.554 31.760 939.381 0.000 15.200 0.000 0.0 15.2 0.0 1
744.554 31.760 939.381 0.000 15.200 0.000 0.0 15.2 0.0 1
744.554 31.760 939.381 0.000 15.200 0.000 0.0 15.2 0.0 1
744.554 31.760 939.381 0.000 15.200 0.000 0.0 15.2 0.0 1
744.554 31.760 939.381 0.000 15.200 0.000 0.0 15.2 0.0 1
744.554 31.760 939.381 0.000 15.200 0.000 0.0 15.2 0.0 1
744.554 31.760 939.381 0.000 15.200 0.000 0.0 15.2 0.0 1
744.554 31.760 939.381 0.000 15.200 0.000 0.0 15.2 0.0 1
744.554 31.760 939.381 0.000 15.200 0.000 0.0 15.2 0.0 1
744.554 31.760 939.381 0.000 15.200 0.000 0.0 15.2 0.0 1
744.554 31.760 939.381 0.000 15.200 0.000 0.0 15.2 0.0 1
744.554 31.760 939.381 0.000 15.200 0.000 0.0 15.2 0.0 1
744.554 31.760 939.381 0.000 15.200 0.000 0.0 15.2 0.0 1
744.554 31.760 939.381 0.000 15.200 0.000 0.0 15.2 0.0 1
744.554 31.760 939.381 0.000 15.200 0.000 0.0 15.2 0.0 1
744.554 31.760 939.381 0.000 15.200 0.000 0.0 15.2 0.0 1
744.554 31.760 939.381 0.000 15.200 0.000 0.0 15.2 0.0 1
744.554 31.760 939.381 0.000 15.200 0.000 0.0 15.2 0.0 1
744.554 31.760 939.381 0.000 15.200 0.000 0.0 15.2 0.0 1
744.554 31.760 939.381 0.000 15.200 0.000 0.0 15.2 0.0 1
744.554 31.760 939.381 0.000 15.200 0.000 0.0 15.2 0.0 1
744.554 31.760 939.381 0.000 15.200 0.000 0.0 15.2 0.0 1
744.554 31.760 939.381 0.000 15.200 0.000 0.0 15.2 0.0 1
744.554 31.760 939.381 0.000 15.200 0.000 0.0 15.2 0.0 1
744.554 31.760 939.381 0.000 15.200 0.000 0.0 15.2 0.0 1
744.554 31.760 939.381 0.000 15.200 0.000 0.0 15.2 0.0 1
744.554 31.760 939.381 0.000 15.200 0.000 0.0 15.2 0.0 1
744.554 31.760 939.381 0.000 15.200 0.000 0.0 15.2 0.0 1
744.554 31.760 939.381 0.000 15.200 0.000 0.0 15.2 0.0 1
744.554 31.760 939.381 0.000 15.200 0.000 0.0 15.2 0.0 1
744.554 31.760 939.381 0.000 15.200 0.000 0.0 15.2 0.0 1
744.554 31.760 939.381 0.000 15.200 0.000 0.0 15.2 0.0 1
744.556 31.760 939.389 0.000 15.200 0.000 0.0 15.2 0.0 1
744.556 31.760 939.389 0.000 15.200 0.000 0.0 15.2 0.0 1
744.560 31.760 939.404 0.000 15.200 0.000 0.0 15.2 0.0 1
744.560 31.760 939.404 0.000 15.200 0.000 0.0 15.2 0.0 1
744.567 31.760 939.427 0.000 15.200 0.000 0.0 15.2 0.0 1
744.567 31.760 939.427 0.000 15.200 0.000 0.0 15.2 0.0 1
744.575 31.760 939.458 0.000 15.200 0.000 0.0 15.2 0.0 1
744.575 31.760 939.458 0.000 15.200 0.000 0.0 15.2 0.0 1
744.585 31.760 939.497 0.000 15.200 0.000 0.0 15.2 0.0 1
744.585 31.760 939.497 0.000 15.200 0.000 0.0 15.2 0.0 1
744.598 31.760 939.543 0.000 15.200 0.000 0.0 15.2 0.0 1
744.598 31.760 939.543 0.000 15.200 0.000 0.0 15.2 0.0 1
744.613 31.760 939.597 0.000 15.200 0.000 0.0 15.2 0.0 1
744.613 31.760 939.597 0.000 15.200 0.000 0.0 15.2 0.0 1
744.630 31.760 939.659 0.000 15.200 0.000 0.0 15.2 0.0 1
744.630 31.760 939.659 0.000 15.200 0.000 0.0 15.2 0.0 1
744.648 31.760 939.728 0.000 15.200 0.000 0.0 15.2 0.0 1
744.648 31.760 939.728 0.000 15.200 0.000 0.0 15.2 0.0 1
744.669 31.760 939.805 0.000 15.200 0.000 0.0 15.2 0.0 1
744.669 31.760 939.805 0.000 15.200 0.000 0.0 15.2 0.0 1
744.692 31.760 939.890 0.000 15.200 0.000 0.0 15.2 0.0 1
744.692 31.760 939.890 0.000 15.200 0.000 0.0 15.2 0.0 1
744.717 31.760 939.983 0.000 15.200 0.000 0.0 15.2 0.0 1
744.717 31.760 939.983 0.000 15.200 0.000 0.0 15.2 0.0 1
744.742 31.760 940.083 0.000 15.141 0.000 360.0 15.1 0.0 1
744.742 31.760 940.083 0.000 14.684 0.000 359.8 14.7 0.0 1
744.767 31.752 940.192 0.000 14.026 0.000 359.6 14.0 0.0 1
744.767 31.752 940.192 0.000 13.032 0.000 359.3 13.0 0.0 1
744.791 31.760 940.308 0.000 12.037 0.000 359.0 12.0 0.0 1
744.791 31.760 940.308 0.000 11.043 0.000 358.8 11.0 0.0 1
744.815 31.760 940.433 0.000 10.052 0.000 358.5 10.1 0.0 1
744.815 31.760 940.433 0.000 9.062 0.000 358.2 9.1 0.0 1
744.837 31.760 940.565 0.000 8.072 0.000 358.0 8.1 0.0 1
744.837 31.760 940.565 0.000 7.082 0.000 357.7 7.1 0.0 1
744.855 31.760 940.704 0.000 6.092 0.000 357.4 6.1 0.0 1
744.855 31.760 940.704 0.000 5.101 0.000 357.2 5.1 0.0 1
744.869 31.760 940.850 0.000 4.111 0.000 356.9 4.1 0.0 1
744.869 31.760 940.850 0.000 3.121 0.000 356.6 3.1 0.0 1
744.877 31.760 941.002 0.000 2.131 0.000 356.4 2.1 0.0 1
744.877 31.760 941.002 0.000 1.141 0.000 356.1 1.1 0.0 1
744.880 31.760 941.160 0.000 0.150 0.000 355.8 0.2 0.0 1
744.880 31.760 941.160 0.000 359.160 0.000 355.5 359.2 0.0 1
744.877 31.760 941.323 0.000 358.166 0.000 355.3 358.2 0.0 1
744.877 31.760 941.323 0.000 357.176 0.000 355.0 357.2 0.0 1
744.866 31.751 941.490 0.000 356.185 0.000 354.7 356.2 0.0 1
744.866 31.751 941.490 0.000 355.195 0.000 354.5 355.2 0.0 1
744.849 31.760 941.661 0.000 354.196 0.000 354.2 354.2 0.0 1
744.849 31.760 941.661 0.000 353.193 0.000 354.0 353.2 0.0 1
744.825 31.760 941.835 0.000 352.190 0.000 353.8 352.2 0.0 1
744.825 31.760 941.835 0.000 351.186 0.000 353.7 351.2 0.0 1
744.794 31.760 942.013 0.000 350.200 0.000 353.6 350.2 0.0 1
744.794 31.760 942.013 0.000 349.376 0.000 353.5 349.4 0.0 1
744.755 31.760 942.193 0.000 348.946 0.000 353.5 348.9 0.0 1
744.755 31.760 942.193 0.000 348.756 0.000 353.4 348.8 0.0 1
744.709 31.760 942.376 0.000 348.749 0.000 353.4 348.7 0.0 1
744.709 31.760 942.376 0.000 348.749 0.000 353.3 348.7 0.0 1
744.654 31.760 942.562 0.000 348.749 0.000 353.3 348.7 0.0 1
744.654 31.760 942.562 0.000 348.749 0.000 353.3 348.7 0.0 1
744.593 31.760 942.750 0.000 348.749 0.000 353.3 348.7 0.0 1
744.593 31.760 942.750 0.000 348.760 0.000 353.3 348.8 0.0 1
744.524 31.760 942.941 0.000 348.876 0.000 353.3 348.9 0.0 1
744.524 31.760 942.941 0.000 349.110 0.000 353.3 349.1 0.0 1
744.447 31.760 943.134 0.000 349.527 0.000 353.3 349.5 0.0 1
744.447 31.760 943.134 0.000 350.050 0.000 353.3 350.0 0.0 1
744.363 31.760 943.331 0.000 350.703 0.000 353.3 350.7 0.0 1
744.363 31.760 943.331 0.000 351.440 0.000 353.3 351.4 0.0 1
744.271 31.759 943.530 0.000 352.356 0.000 353.3 352.4 0.0 1
744.271 31.759 943.530 0.000 353.359 0.000 353.3 353.4 0.0 1
744.173 31.760 943.734 0.000 354.362 0.000 353.3 354.4 0.0 1
744.173 31.760 943.734 0.000 355.366 0.000 353.3 355.4 0.0 1
744.068 31.760 943.942 0.000 356.369 0.000 353.3 356.4 0.0 1
744.068 31.760 943.942 0.000 357.372 0.000 353.4 357.4 0.0 1
743.957 31.760 944.155 0.000 358.376 0.000 353.4 358.4 0.0 1
743.957 31.760 944.155 0.000 359.379 0.000 353.4 359.4 0.0 1
743.840 31.760 944.373 0.000 0.382 0.000 353.4 0.4 0.0 1
743.840 31.760 944.373 0.000 1.386 0.000 353.4 1.4 0.0 1
743.718 31.760 944.598 0.000 2.389 0.000 353.4 2.4 0.0 1
743.718 31.760 944.598 0.000 3.392 0.000 353.4 3.4 0.0 1
743.597 31.760 944.830 0.000 4.396 0.000 353.4 4.4 0.0 1
743.597 31.760 944.830 0.000 5.399 0.000 353.4 5.4 0.0 1
743.478 31.760 945.055 0.000 6.402 0.000 353.4 6.4 0.0 1
743.478 31.760 945.055 0.000 7.406 0.000 353.4 7.4 0.0 1
743.360 31.760 945.271 0.000 8.409 0.000 353.4 8.4 0.0 1
743.360 31.760 945.271 0.000 9.412 0.000 353.4 9.4 0.0 1
743.244 31.760 945.480 0.000 10.416 0.000 353.4 10.4 0.0 1
743.244 31.760 945.480 0.000 11.419 0.000 353.4 11.4 0.0 1
743.129 31.760 945.681 0.000 12.422 0.000 353.4 12.4 0.0 1
743.017 31.760 945.874 0.000 13.426 0.000 353.4 13.4 0.0 1
743.017 31.760 945.874 0.000 14.429 0.000 353.4 14.4 0.0 1
742.906 31.760 946.059 0.000 15.432 0.000 353.4 15.4 0.0 1
742.906 31.760 946.059 0.000 16.436 0.000 353.4 16.4 0.0 1
742.796 31.760 946.236 0.000 17.439 0.000 353.4 17.4 0.0 1
742.796 31.760 946.236 0.000 18.442 0.000 353.4 18.4 0.0 1
742.688 31.760 946.406 0.000 19.446 0.000 353.4 19.4 0.0 1
742.688 31.760 946.406 0.000 20.449 0.000 353.4 20.4 0.0 1
742.581 31.760 946.567 0.000 21.452 0.000 353.4 21.5 0.0 1
742.581 31.760 946.567 0.000 22.456 0.000 353.5 22.5 0.0 1
742.474 31.760 946.721 0.000 23.459 0.000 353.5 23.5 0.0 1
742.474 31.760 946.721 0.000 24.462 0.000 353.5 24.5 0.0 1
742.368 31.760 946.866 0.000 25.466 0.000 353.5 25.5 0.0 1
742.368 31.760 946.866 0.000 26.469 0.000 353.5 26.5 0.0 1
742.263 31.753 947.004 0.000 27.472 0.000 353.5 27.5 0.0 1
742.263 31.753 947.004 0.000 28.476 0.000 353.5 28.5 0.0 1
742.158 31.760 947.134 0.000 29.479 0.000 353.5 29.5 0.0 1
742.158 31.760 947.134 0.000 30.482 0.000 353.5 30.5 0.0 1
742.053 31.760 947.255 0.000 31.486 0.000 353.5 31.5 0.0 1
742.053 31.760 947.255 0.000 32.489 0.000 353.5 32.5 0.0 1
741.947 31.760 947.369 0.000 33.492 0.000 353.5 33.5 0.0 1
741.947 31.760 947.369 0.000 34.496 0.000 353.5 34.5 0.0 1
741.842 31.760 947.474 0.000 35.499 0.000 353.5 35.5 0.0 1
741.842 31.760 947.474 0.000 36.502 0.000 353.5 36.5 0.0 1
741.735 31.760 947.572 0.000 37.506 0.000 353.5 37.5 0.0 1
741.735 31.760 947.572 0.000 38.509 0.000 353.5 38.5 0.0 1
741.628 31.760 947.661 0.000 39.512 0.000 353.5 39.5 0.0 1
741.628 31.760 947.661 0.000 40.516 0.000 353.6 40.5 0.0 1
741.520 31.760 947.743 0.000 41.388 0.000 353.7 41.4 0.0 1
741.520 31.760 947.743 0.000 41.963 0.000 353.9 42.0 0.0 1
741.410 31.760 947.817 0.000 41.963 0.000 354.0 42.0 0.0 1
741.410 31.760 947.817 0.000 41.963 0.000 354.1 42.0 0.0 1
741.300 31.760 947.883 0.000 41.963 0.000 354.1 42.0 0.0 1
741.300 31.760 947.883 0.000 41.963 0.000 354.1 42.0 0.0 1
741.188 31.760 947.940 0.000 41.952 0.000 354.1 42.0 0.0 1
741.188 31.760 947.940 0.000 41.766 0.000 354.1 41.8 0.0 1
741.077 31.760 947.990 0.000 41.449 0.000 354.1 41.4 0.0 1
741.077 31.760 947.990 0.000 41.001 0.000 354.1 41.0 0.0 1
740.966 31.759 948.032 0.000 40.409 0.000 354.2 40.4 0.0 1
740.966 31.759 948.032 0.000 39.746 0.000 354.3 39.7 0.0 1
740.854 31.760 948.066 0.000 38.957 0.000 354.4 39.0 0.0 1
740.854 31.760 948.066 0.000 38.142 0.000 354.6 38.1 0.0 1
740.744 31.760 948.092 0.000 37.204 0.000 354.7 37.2 0.0 1
740.744 31.760 948.092 0.000 36.227 0.000 354.9 36.2 0.0 1
740.634 31.760 948.110 0.000 35.224 0.000 355.1 35.2 0.0 1
740.634 31.760 948.110 0.000 34.221 0.000 355.2 34.2 0.0 1
740.526 31.760 948.120 0.000 33.217 0.000 355.4 33.2 0.0 1
740.526 31.760 948.120 0.000 32.214 0.000 355.6 32.2 0.0 1
740.418 31.760 948.122 0.000 31.211 0.000 355.8 31.2 0.0 1
740.418 31.760 948.122 0.000 30.207 0.000 356.0 30.2 0.0 1
740.312 31.760 948.116 0.000 29.204 0.000 356.1 29.2 0.0 1
740.312 31.760 948.116 0.000 28.201 0.000 356.3 28.2 0.0 1
740.209 31.760 948.102 0.000 27.197 0.000 356.5 27.2 0.0 1
740.209 31.760 948.102 0.000 26.194 0.000 356.7 26.2 0.0 1
740.107 31.760 948.081 0.000 25.191 0.000 356.9 25.2 0.0 1
740.107 31.760 948.081 0.000 24.187 0.000 357.0 24.2 0.0 1
740.007 31.760 948.052 0.000 23.184 0.000 357.2 23.2 0.0 1
739.910 31.760 948.016 0.000 22.181 0.000 357.4 22.2 0.0 1
739.816 31.760 947.972 0.000 21.177 0.000 357.6 21.2 0.0 1
739.816 31.760 947.972 0.000 20.174 0.000 357.9 20.2 0.0 1
739.724 31.760 947.920 0.000 19.179 0.000 358.2 19.2 0.0 1
739.724 31.760 947.920 0.000 18.460 0.000 358.4 18.5 0.0 1
739.635 31.760 947.861 0.000 18.165 0.000 358.6 18.2 0.0 1
739.635 31.760 947.861 0.000 18.106 0.000 358.6 18.1 0.0 1
739.548 31.760 947.794 0.000 18.106 0.000 358.6 18.1 0.0 1
739.548 31.760 947.794 0.000 18.106 0.000 358.6 18.1 0.0 1
739.461 31.760 947.719 0.000 18.106 0.000 358.6 18.1 0.0 1
739.461 31.760 947.719 0.000 18.106 0.000 358.6 18.1 0.0 1
739.374 31.760 947.636 0.000 18.106 0.000 358.6 18.1 0.0 1
739.374 31.760 947.636 0.000 18.106 0.000 358.6 18.1 0.0 1
739.287 31.760 947.545 0.000 18.106 0.000 358.6 18.1 0.0 1
739.287 31.760 947.545 0.000 18.106 0.000 358.6 18.1 0.0 1
739.199 31.760 947.446 0.000 18.106 0.000 358.6 18.1 0.0 1
739.199 31.760 947.446 0.000 18.106 0.000 358.6 18.1 0.0 1
739.111 31.760 947.339 0.000 18.106 0.000 358.6 18.1 0.0 1
739.111 31.760 947.339 0.000 18.106 0.000 358.6 18.1 0.0 1
739.023 31.760 947.224 0.000 18.106 0.000 358.6 18.1 0.0 1
739.023 31.760 947.224 0.000 18.106 0.000 358.6 18.1 0.0 1
738.934 31.760 947.101 0.000 18.106 0.000 358.6 18.1 0.0 1
738.934 31.760 947.101 0.000 18.106 0.000 358.6 18.1 0.0 1
738.845 31.760 946.970 0.000 18.106 0.000 358.6 18.1 0.0 1
738.845 31.760 946.970 0.000 18.106 0.000 358.6 18.1 0.0 1
738.756 31.760 946.831 0.000 18.106 0.000 358.6 18.1 0.0 1
738.756 31.760 946.831 0.000 18.106 0.000 358.6 18.1 0.0 1
738.666 31.760 946.685 0.000 18.106 0.000 358.6 18.1 0.0 1
738.666 31.760 946.685 0.000 18.106 0.000 358.6 18.1 0.0 1
738.576 31.760 946.530 0.000 18.106 0.000 358.6 18.1 0.0 1
738.576 31.760 946.530 0.000 18.106 0.000 358.6 18.1 0.0 1
738.485 31.760 946.367 0.000 18.106 0.000 358.6 18.1 0.0 1
738.485 31.760 946.367 0.000 18.106 0.000 358.6 18.1 0.0 1
738.394 31.760 946.196 0.000 18.106 0.000 358.6 18.1 0.0 1
738.394 31.760 946.196 0.000 18.106 0.000 358.6 18.1 0.0 1
738.303 31.760 946.017 0.000 18.106 0.000 358.6 18.1 0.0 1
738.303 31.760 946.017 0.000 18.106 0.000 358.6 18.1 0.0 1
738.211 31.760 945.831 0.000 18.106 0.000 358.6 18.1 0.0 1
738.211 31.760 945.831 0.000 18.106 0.000 358.6 18.1 0.0 1
738.119 31.760 945.636 0.000 18.106 0.000 358.6 18.1 0.0 1
738.119 31.760 945.636 0.000 18.106 0.000 358.6 18.1 0.0 1
738.026 31.760 945.433 0.000 18.106 0.000 358.6 18.1 0.0 1
738.026 31.760 945.433 0.000 18.106 0.000 358.6 18.1 0.0 1
737.933 31.760 945.222 0.000 18.106 0.000 358.6 18.1 0.0 1
737.933 31.760 945.222 0.000 18.106 0.000 358.6 18.1 0.0 1
737.841 31.760 945.004 0.000 18.106 0.000 358.6 18.1 0.0 1
737.841 31.760 945.004 0.000 18.106 0.000 358.6 18.1 0.0 1
737.751 31.760 944.778 0.000 18.106 0.000 358.6 18.1 0.0 1
737.665 31.760 944.544 0.000 18.106 0.000 358.6 18.1 0.0 1
737.665 31.760 944.544 0.000 18.106 0.000 358.6 18.1 0.0 1
737.584 31.760 944.304 0.000 18.106 0.000 358.6 18.1 0.0 1
737.584 31.760 944.304 0.000 18.106 0.000 358.6 18.1 0.0 1
737.509 31.760 944.059 0.000 18.106 0.000 358.6 18.1 0.0 1
737.509 31.760 944.059 0.000 18.106 0.000 358.6 18.1 0.0 1
737.439 31.760 943.809 0.000 18.106 0.000 358.6 18.1 0.0 1
737.439 31.760 943.809 0.000 18.106 0.000 358.6 18.1 0.0 1
737.376 31.760 943.554 0.000 18.106 0.000 358.6 18.1 0.0 1
737.376 31.760 943.554 0.000 18.106 0.000 358.6 18.1 0.0 1
737.320 31.760 943.293 0.000 18.106 0.000 358.6 18.1 0.0 1
737.320 31.760 943.293 0.000 18.106 0.000 358.6 18.1 0.0 1
737.269 31.760 943.028 0.000 18.106 0.000 358.6 18.1 0.0 1
737.269 31.760 943.028 0.000 18.106 0.000 358.6 18.1 0.0 1
737.225 31.760 942.758 0.000 18.106 0.000 358.6 18.1 0.0 1
737.225 31.760 942.758 0.000 18.106 0.000 358.6 18.1 0.0 1
737.188 31.760 942.484 0.000 18.106 0.000 358.6 18.1 0.0 1
737.188 31.760 942.484 0.000 18.106 0.000 358.6 18.1 0.0 1
737.156 31.760 942.204 0.000 18.106 0.000 358.6 18.1 0.0 1
737.156 31.760 942.204 0.000 18.106 0.000 358.6 18.1 0.0 1
737.132 31.760 941.920 0.000 18.106 0.000 358.6 18.1 0.0 1
737.132 31.760 941.920 0.000 18.106 0.000 358.6 18.1 0.0 1
737.113 31.760 941.630 0.000 18.106 0.000 358.6 18.1 0.0 1
737.113 31.760 941.630 0.000 18.106 0.000 358.6 18.1 0.0 1
737.101 31.760 941.336 0.000 18.106 0.000 358.6 18.1 0.0 1
737.101 31.760 941.336 0.000 18.106 0.000 358.6 18.1 0.0 1
737.095 31.760 941.037 0.000 18.106 0.000 358.6 18.1 0.0 1
737.095 31.760 941.037 0.000 18.106 0.000 358.6 18.1 0.0 1
737.091 31.760 940.730 0.000 18.106 0.000 358.6 18.1 0.0 1
737.087 31.760 940.415 0.000 18.106 0.000 358.6 18.1 0.0 1
737.087 31.760 940.415 0.000 18.106 0.000 358.6 18.1 0.0 1
737.080 31.760 940.093 0.000 18.106 0.000 358.6 18.1 0.0 1
737.080 31.760 940.093 0.000 18.106 0.000 358.6 18.1 0.0 1
737.069 31.760 939.764 0.000 18.106 0.000 358.6 18.1 0.0 1
737.069 31.760 939.764 0.000 18.106 0.000 358.6 18.1 0.0 1
737.052 31.760 939.429 0.000 18.106 0.000 358.6 18.1 0.0 1
737.052 31.760 939.429 0.000 18.106 0.000 358.6 18.1 0.0 1
737.028 31.760 939.089 0.000 18.106 0.000 358.6 18.1 0.0 1
737.028 31.760 939.089 0.000 18.106 0.000 358.6 18.1 0.0 1
736.999 31.760 938.744 0.000 18.106 0.000 358.6 18.1 0.0 1
736.999 31.760 938.744 0.000 18.106 0.000 358.6 18.1 0.0 1
736.964 31.760 938.394 0.000 18.106 0.000 358.6 18.1 0.0 1
736.964 31.760 938.394 0.000 18.106 0.000 358.6 18.1 0.0 1
736.922 31.760 938.039 0.000 18.106 0.000 358.6 18.1 0.0 1
736.922 31.760 938.039 0.000 18.106 0.000 358.6 18.1 0.0 1
736.875 31.760 937.678 0.000 18.106 0.000 358.6 18.1 0.0 1
736.875 31.760 937.678 0.000 18.106 0.000 358.6 18.1 0.0 1
736.821 31.760 937.312 0.000 18.106 0.000 358.6 18.1 0.0 1
736.821 31.760 937.312 0.000 18.106 0.000 358.6 18.1 0.0 1
736.775 31.760 936.943 0.000 18.106 0.000 358.6 18.1 0.0 1
736.775 31.760 936.943 0.000 18.106 0.000 358.6 18.1 0.0 1
736.736 31.760 936.572 0.000 18.106 0.000 358.6 18.1 0.0 1
736.736 31.760 936.572 0.000 18.106 0.000 358.6 18.1 0.0 1
736.706 31.760 936.202 0.000 18.106 0.000 358.6 18.1 0.0 1
736.683 31.760 935.832 0.000 18.106 0.000 358.6 18.1 0.0 1
736.683 31.760 935.832 0.000 18.106 0.000 358.6 18.1 0.0 1
736.669 31.760 935.463 0.000 18.106 0.000 358.6 18.1 0.0 1
736.669 31.760 935.463 0.000 18.106 0.000 358.6 18.1 0.0 1
736.661 31.760 935.097 0.000 18.106 0.000 358.6 18.1 0.0 1
736.661 31.760 935.097 0.000 18.106 0.000 358.6 18.1 0.0 1
736.660 31.760 934.737 0.000 18.106 0.000 358.6 18.1 0.0 1
736.660 31.760 934.737 0.000 18.106 0.000 358.6 18.1 0.0 1
736.663 31.760 934.383 0.000 18.106 0.000 358.6 18.1 0.0 1
736.663 31.760 934.383 0.000 18.106 0.000 358.6 18.1 0.0 1
736.670 31.760 934.036 0.000 18.106 0.000 358.6 18.1 0.0 1
736.670 31.760 934.036 0.000 18.106 0.000 358.6 18.1 0.0 1
736.682 31.760 933.696 0.000 18.106 0.000 358.6 18.1 0.0 1
736.682 31.760 933.696 0.000 18.106 0.000 358.6 18.1 0.0 1
736.698 31.760 933.363 0.000 18.106 0.000 358.6 18.1 0.0 1
736.698 31.760 933.363 0.000 18.106 0.000 358.6 18.1 0.0 1
736.718 31.760 933.036 0.000 18.106 0.000 358.6 18.1 0.0 1
736.718 31.760 933.036 0.000 18.106 0.000 358.6 18.1 0.0 1
736.742 31.760 932.716 0.000 18.106 0.000 358.6 18.1 0.0 1
736.742 31.760 932.716 0.000 18.106 0.000 358.6 18.1 0.0 1
736.769 31.760 932.404 0.000 18.106 0.000 358.6 18.1 0.0 1
736.769 31.760 932.404 0.000 18.106 0.000 358.6 18.1 0.0 1
736.798 31.760 932.099 0.000 18.106 0.000 358.6 18.1 0.0 1
736.798 31.760 932.099 0.000 18.106 0.000 358.6 18.1 0.0 1
736.829 31.760 931.803 0.000 18.106 0.000 358.6 18.1 0.0 1
736.829 31.760 931.803 0.000 18.106 0.000 358.6 18.1 0.0 1
736.860 31.760 931.514 0.000 18.106 0.000 358.6 18.1 0.0 1
736.860 31.760 931.514 0.000 18.106 0.000 358.6 18.1 0.0 1
736.892 31.760 931.233 0.000 18.106 0.000 358.6 18.1 0.0 1
736.925 31.760 930.961 0.000 18.106 0.000 358.6 18.1 0.0 1
736.925 31.760 930.961 0.000 18.106 0.000 358.6 18.1 0.0 1
736.958 31.760 930.696 0.000 18.106 0.000 358.6 18.1 0.0 1
736.958 31.760 930.696 0.000 18.106 0.000 358.6 18.1 0.0 1
736.991 31.760 930.439 0.000 18.106 0.000 358.6 18.1 0.0 1
736.991 31.760 930.439 0.000 18.106 0.000 358.6 18.1 0.0 1
737.022 31.760 930.190 0.000 18.106 0.000 358.6 18.1 0.0 1
737.022 31.760 930.190 0.000 18.106 0.000 358.6 18.1 0.0 1
737.052 31.760 929.949 0.000 18.106 0.000 358.6 18.1 0.0 1
737.052 31.760 929.949 0.000 18.106 0.000 358.6 18.1 0.0 1
737.080 31.759 929.716 0.000 18.106 0.000 358.6 18.1 0.0 1
737.080 31.759 929.716 0.000 18.106 0.000 358.6 18.1 0.0 1
737.107 31.760 929.491 0.000 18.106 0.000 358.6 18.1 0.0 1
737.107 31.760 929.491 0.000 18.106 0.000 358.6 18.1 0.0 1
737.132 31.760 929.274 0.000 18.106 0.000 358.6 18.1 0.0 1
737.132 31.760 929.274 0.000 18.106 0.000 358.6 18.1 0.0 1
737.132 31.760 929.274 0.000 18.106 0.000 358.6 18.1 0.0 1
737.155 31.760 929.064 0.000 18.106 0.000 358.6 18.1 0.0 1
737.155 31.760 929.064 0.000 18.106 0.000 358.6 18.1 0.0 1
737.176 31.760 928.862 0.000 18.106 0.000 358.6 18.1 0.0 1
737.176 31.760 928.862 0.000 18.106 0.000 358.6 18.1 0.0 1
737.196 31.757 928.668 0.000 18.106 0.000 358.6 18.1 0.0 1
737.196 31.757 928.668 0.000 18.106 0.000 358.6 18.1 0.0 1
737.214 31.760 928.482 0.000 18.106 0.000 358.6 18.1 0.0 1
737.214 31.760 928.482 0.000 18.106 0.000 358.6 18.1 0.0 1
737.231 31.760 928.304 0.000 18.106 0.000 358.6 18.1 0.0 1
737.245 31.760 928.133 0.000 18.106 0.000 358.6 18.1 0.0 1
737.245 31.760 928.133 0.000 18.106 0.000 358.6 18.1 0.0 1
737.260 31.760 927.971 0.000 18.106 0.000 358.6 18.1 0.0 1
737.260 31.760 927.971 0.000 18.106 0.000 358.6 18.1 0.0 1
737.276 31.760 927.816 0.000 18.106 0.000 358.6 18.1 0.0 1
737.276 31.760 927.816 0.000 18.106 0.000 358.6 18.1 0.0 1
737.291 31.760 927.670 0.000 18.106 0.000 358.6 18.1 0.0 1
737.291 31.760 927.670 0.000 18.106 0.000 358.6 18.1 0.0 1
737.306 31.760 927.531 0.000 18.106 0.000 358.6 18.1 0.0 1
737.306 31.760 927.531 0.000 18.106 0.000 358.6 18.1 0.0 1
737.319 31.760 927.400 0.000 18.106 0.000 358.6 18.1 0.0 1
737.319 31.760 927.400 0.000 18.106 0.000 358.6 18.1 0.0 1
737.332 31.760 927.277 0.000 18.106 0.000 358.6 18.1 0.0 1
737.332 31.760 927.277 0.000 18.106 0.000 358.6 18.1 0.0 1
737.344 31.760 927.163 0.000 18.106 0.000 358.6 18.1 0.0 1
737.344 31.760 927.163 0.000 18.106 0.000 358.6 18.1 0.0 1
737.355 31.760 927.056 0.000 18.106 0.000 358.6 18.1 0.0 1
737.355 31.760 927.056 0.000 18.106 0.000 358.6 18.1 0.0 1
737.365 31.760 926.957 0.000 18.106 0.000 358.6 18.1 0.0 1
737.365 31.760 926.957 0.000 18.106 0.000 358.6 18.1 0.0 1
737.375 31.760 926.866 0.000 18.106 0.000 358.6 18.1 0.0 1
737.375 31.760 926.866 0.000 18.106 0.000 358.6 18.1 0.0 1
737.383 31.760 926.783 0.000 18.106 0.000 358.6 18.1 0.0 1
737.383 31.760 926.783 0.000 18.106 0.000 358.6 18.1 0.0 1
737.391 31.760 926.708 0.000 18.106 0.000 358.6 18.1 0.0 1
737.391 31.760 926.708 0.000 18.106 0.000 358.6 18.1 0.0 1
737.398 31.760 926.641 0.000 18.106 0.000 358.6 18.1 0.0 1
737.398 31.760 926.641 0.000 18.106 0.000 358.6 18.1 0.0 1
737.404 31.760 926.582 0.000 18.106 0.000 358.6 18.1 0.0 1
737.404 31.760 926.582 0.000 18.106 0.000 358.6 18.1 0.0 1
737.409 31.760 926.531 0.000 18.106 0.000 358.6 18.1 0.0 1
737.409 31.760 926.531 0.000 18.106 0.000 358.6 18.1 0.0 1
737.414 31.760 926.488 0.000 18.106 0.000 358.6 18.1 0.0 1
737.414 31.760 926.488 0.000 18.106 0.000 358.6 18.1 0.0 1
737.418 31.760 926.453 0.000 18.106 0.000 358.6 18.1 0.0 1
737.418 31.760 926.453 0.000 18.106 0.000 358.6 18.1 0.0 1
737.420 31.760 926.426 0.000 18.106 0.000 358.6 18.1 0.0 1
737.420 31.760 926.426 0.000 18.106 0.000 358.6 18.1 0.0 1
737.422 31.760 926.407 0.000 18.106 0.000 358.6 18.1 0.0 1
737.422 31.760 926.407 0.000 18.106 0.000 358.6 18.1 0.0 1
737.424 31.760 926.395 0.000 18.106 0.000 358.6 18.1 0.0 1
737.424 31.760 926.395 0.000 18.106 0.000 358.6 18.1 0.0 1
737.424 31.760 926.392 0.000 18.106 0.000 358.6 18.1 0.0 1
737.424 31.760 926.392 0.000 18.106 0.000 358.6 18.1 0.0 1
737.424 31.760 926.392 0.000 18.106 0.000 358.6 18.1 0.0 1
737.424 31.760 926.392 0.000 18.106 0.000 358.6 18.1 0.0 1
737.424 31.760 926.392 0.000 18.106 0.000 358.6 18.1 0.0 1
737.424 31.760 926.392 0.000 18.106 0.000 358.6 18.1 0.0 1
737.424 31.760 926.392 0.000 18.106 0.000 358.6 18.1 0.0 1
737.424 31.760 926.392 0.000 18.106 0.000 358.6 18.1 0.0 1
737.424 31.760 926.392 0.000 18.106 0.000 358.6 18.1 0.0 1
737.424 31.760 926.392 0.000 18.106 0.000 358.6 18.1 0.0 1
737.424 31.760 926.392 0.000 18.106 0.000 358.6 18.1 0.0 1
737.424 31.760 926.392 0.000 18.106 0.000 358.6 18.1 0.0 1
737.424 31.760 926.392 0.000 18.106 0.000 358.6 18.1 0.0 1
737.424 31.760 926.392 0.000 18.106 0.000 358.6 18.1 0.0 1
737.424 31.760 926.392 0.000 18.106 0.000 358.6 18.1 0.0 1
737.424 31.760 926.392 0.000 18.106 0.000 358.6 18.1 0.0 1
737.424 31.760 926.392 0.000 18.106 0.000 358.6 18.1 0.0 1
737.424 31.760 926.392 0.000 18.106 0.000 358.6 18.1 0.0 1
737.424 31.760 926.392 0.000 18.106 0.000 358.6 18.1 0.0 1
737.424 31.760 926.392 0.000 18.106 0.000 358.6 18.1 0.0 1
737.424 31.760 926.392 0.000 18.106 0.000 358.6 18.1 0.0 1
737.424 31.760 926.392 0.000 18.106 0.000 358.6 18.1 0.0 1
737.424 31.760 926.392 0.000 18.106 0.000 358.6 18.1 0.0 1
737.424 31.760 926.392 0.000 18.106 0.000 358.6 18.1 0.0 1
737.424 31.760 926.392 0.000 18.106 0.000 358.6 18.1 0.0 1
737.424 31.760 926.392 0.000 18.106 0.000 358.6 18.1 0.0 1
737.424 31.760 926.392 0.000 18.106 0.000 358.6 18.1 0.0 1
737.424 31.760 926.392 0.000 18.106 0.000 358.6 18.1 0.0 1
737.424 31.760 926.392 0.000 18.106 0.000 358.6 18.1 0.0 1
737.424 31.760 926.392 0.000 18.106 0.000 358.6 18.1 0.0 1
737.424 31.760 926.392 0.000 18.106 0.000 358.6 18.1 0.0 1
737.424 31.760 926.392 0.000 18.106 0.000 358.6 18.1 0.0 1
737.424 31.760 926.392 0.000 18.106 0.000 358.6 18.1 0.0 1
737.424 31.760 926.392 0.000 18.106 0.000 358.6 18.1 0.0 1
737.424 31.760 926.392 0.000 18.106 0.000 358.6 18.1 0.0 1
737.424 31.760 926.392 0.000 18.106 0.000 358.6 18.1 0.0 1
737.424 31.760 926.392 0.000 18.106 0.000 358.6 18.1 0.0 1
737.424 31.760 926.392 0.000 18.106 0.000 358.6 18.1 0.0 1
737.424 31.760 926.392 0.000 18.106 0.000 358.6 18.1 0.0 1
737.424 31.760 926.392 0.000 18.106 0.000 358.6 18.1 0.0 1
737.424 31.760 926.392 0.000 18.106 0.000 358.6 18.1 0.0 1
737.424 31.760 926.392 0.000 18.106 0.000 358.6 18.1 0.0 1
737.424 31.760 926.392 0.000 18.106 0.000 358.6 18.1 0.0 1
737.424 31.760 926.392 0.000 18.106 0.000 358.6 18.1 0.0 1
737.424 31.760 926.392 0.000 18.106 0.000 358.6 18.1 0.0 1
737.424 31.760 926.392 0.000 18.106 0.000 358.6 18.1 0.0 1
737.424 31.760 926.392 0.000 18.106 0.000 358.6 18.1 0.0 1
737.424 31.760 926.392 0.000 18.106 0.000 358.6 18.1 0.0 1
737.424 31.760 926.392 0.000 18.106 0.000 358.6 18.1 0.0 1
737.424 31.760 926.392 0.000 18.106 0.000 358.6 18.1 0.0 1
737.424 31.760 926.392 0.000 18.106 0.000 358.6 18.1 0.0 1
737.424 31.760 926.392 0.000 18.106 0.000 358.6 18.1 0.0 1
737.424 31.760 926.392 0.000 18.106 0.000 358.6 18.1 0.0 1
737.424 31.760 926.392 0.000 18.106 0.000 358.6 18.1 0.0 1
740.474 54.515 911.250 0.000 18.106 0.000 358.6 18.1 0.0 2
740.475 54.507 911.253 0.000 18.106 0.000 358.6 18.1 0.0 2
740.475 54.507 911.253 0.000 18.106 0.000 358.6 18.1 0.0 2
740.476 54.491 911.257 0.000 18.106 0.000 358.6 18.1 0.0 2
740.476 54.491 911.257 0.000 18.106 0.000 358.6 18.1 0.0 2
740.477 54.467 911.260 0.000 18.106 0.000 358.6 18.1 0.0 2
740.477 54.467 911.260 0.000 18.106 0.000 358.6 18.1 0.0 2
740.478 54.435 911.263 0.000 18.106 0.000 358.6 18.1 0.0 2
740.478 54.435 911.263 0.000 18.106 0.000 358.6 18.1 0.0 2
740.479 54.395 911.266 0.000 18.106 0.000 358.6 18.1 0.0 2
740.479 54.395 911.266 0.000 18.106 0.000 358.6 18.1 0.0 2
740.480 54.347 911.269 0.000 18.106 0.000 358.6 18.1 0.0 2
740.480 54.347 911.269 0.000 18.106 0.000 358.6 18.1 0.0 2
740.481 54.291 911.272 0.000 18.106 0.000 358.6 18.1 0.0 2
740.481 54.291 911.272 0.000 18.106 0.000 358.6 18.1 0.0 2
740.484 54.227 911.281 0.000 18.106 0.000 358.6 18.1 0.0 2
740.484 54.227 911.281 0.000 18.106 0.000 358.6 18.1 0.0 2
740.488 54.155 911.293 0.000 18.106 0.000 358.6 18.1 0.0 2
740.488 54.155 911.293 0.000 18.106 0.000 358.6 18.1 0.0 2
740.492 54.075 911.305 0.000 18.106 0.000 358.6 18.1 0.0 2
740.492 54.075 911.305 0.000 18.106 0.000 358.6 18.1 0.0 2
740.495 53.987 911.316 0.000 18.106 0.000 358.6 18.1 0.0 2
740.495 53.987 911.316 0.000 18.106 0.000 358.6 18.1 0.0 2
740.501 53.891 911.334 0.000 18.106 0.000 358.6 18.1 0.0 2
740.501 53.891 911.334 0.000 18.106 0.000 358.6 18.1 0.0 2
740.509 53.787 911.357 0.000 18.106 0.000 358.6 18.1 0.0 2
740.509 53.787 911.357 0.000 18.106 0.000 358.6 18.1 0.0 2
740.518 53.675 911.386 0.000 18.106 0.000 358.6 18.1 0.0 2
740.530 53.555 911.421 0.000 18.106 0.000 358.6 18.1 0.0 2
740.530 53.555 911.421 0.000 18.106 0.000 358.6 18.1 0.0 2
740.543 53.427 911.461 0.000 18.106 0.000 358.6 18.1 0.0 2
740.543 53.427 911.461 0.000 18.106 0.000 358.6 18.1 0.0 2
740.558 53.291 911.507 0.000 18.106 0.000 358.6 18.1 0.0 2
740.558 53.291 911.507 0.000 18.106 0.000 358.6 18.1 0.0 2
740.575 53.147 911.559 0.000 18.106 0.000 358.6 18.1 0.0 2
740.575 53.147 911.559 0.000 18.106 0.000 358.6 18.1 0.0 2
740.593 52.995 911.616 0.000 18.106 0.000 358.6 18.1 0.0 2
740.593 52.995 911.616 0.000 18.106 0.000 358.6 18.1 0.0 2
740.614 52.835 911.679 0.000 18.106 0.000 358.6 18.1 0.0 2
740.614 52.835 911.679 0.000 18.106 0.000 358.6 18.1 0.0 2
740.637 52.667 911.748 0.000 18.106 0.000 358.6 18.1 0.0 2
740.637 52.667 911.748 0.000 18.106 0.000 358.6 18.1 0.0 2
740.661 52.491 911.822 0.000 18.106 0.000 358.6 18.1 0.0 2
740.661 52.491 911.822 0.000 18.106 0.000 358.6 18.1 0.0 2
740.687 52.307 911.903 0.000 18.106 0.000 358.6 18.1 0.0 2
740.687 52.307 911.903 0.000 18.106 0.000 358.6 18.1 0.0 2
740.715 52.115 911.988 0.000 18.106 0.000 358.6 18.1 0.0 2
740.715 52.115 911.988 0.000 18.106 0.000 358.6 18.1 0.0 2
740.745 51.915 912.080 0.000 18.106 0.000 358.6 18.1 0.0 2
740.745 51.915 912.080 0.000 18.106 0.000 358.6 18.1 0.0 2
740.777 51.707 912.177 0.000 18.106 0.000 358.6 18.1 0.0 2
740.777 51.707 912.177 0.000 18.106 0.000 358.6 18.1 0.0 2
740.810 51.491 912.280 0.000 18.106 0.000 358.6 18.1 0.0 2
740.810 51.491 912.280 0.000 18.106 0.000 358.6 18.1 0.0 2
740.845 51.267 912.389 0.000 18.106 0.000 358.6 18.1 0.0 2
740.881 51.035 912.504 0.000 18.106 0.000 358.6 18.1 0.0 2
740.881 51.035 912.504 0.000 18.106 0.000 358.6 18.1 0.0 2
740.918 50.795 912.624 0.000 18.106 0.000 358.6 18.1 0.0 2
740.918 50.795 912.624 0.000 18.106 0.000 358.6 18.1 0.0 2
740.956 50.547 912.751 0.000 18.106 0.000 358.6 18.1 0.0 2
740.956 50.547 912.751 0.000 18.106 0.000 358.6 18.1 0.0 2
740.995 50.291 912.883 0.000 18.106 0.000 358.6 18.1 0.0 2
740.995 50.291 912.883 0.000 18.106 0.000 358.6 18.1 0.0 2
741.035 50.027 913.022 0.000 18.106 0.000 358.6 18.1 0.0 2
741.035 50.027 913.022 0.000 18.106 0.000 358.6 18.1 0.0 2
741.076 49.755 913.166 0.000 18.106 0.000 358.6 18.1 0.0 2
741.076 49.755 913.166 0.000 18.106 0.000 358.6 18.1 0.0 2
741.118 49.475 913.316 0.000 18.106 0.000 358.6 18.1 0.0 2
741.118 49.475 913.316 0.000 18.106 0.000 358.6 18.1 0.0 2
741.161 49.187 913.472 0.000 18.106 0.000 358.6 18.1 0.0 2
741.161 49.187 913.472 0.000 18.106 0.000 358.6 18.1 0.0 2
741.205 48.891 913.634 0.000 18.106 0.000 358.6 18.1 0.0 2
741.205 48.891 913.634 0.000 18.106 0.000 358.6 18.1 0.0 2
741.250 48.587 913.802 0.000 18.106 0.000 358.6 18.1 0.0 2
741.250 48.587 913.802 0.000 18.106 0.000 358.6 18.1 0.0 2
741.296 48.275 913.976 0.000 18.106 0.000 358.6 18.1 0.0 2
741.296 48.275 913.976 0.000 18.106 0.000 358.6 18.1 0.0 2
741.344 47.955 914.156 0.000 18.106 0.000 358.6 18.1 0.0 2
741.344 47.955 914.156 0.000 18.106 0.000 358.6 18.1 0.0 2
741.392 47.627 914.341 0.000 18.106 0.000 358.6 18.1 0.0 2
741.392 47.627 914.341 0.000 18.106 0.000 358.6 18.1 0.0 2
741.442 47.291 914.532 0.000 18.106 0.000 358.6 18.1 0.0 2
741.442 47.291 914.532 0.000 18.106 0.000 358.6 18.1 0.0 2
741.494 46.947 914.729 0.000 18.106 0.000 358.6 18.1 0.0 2
741.494 46.947 914.729 0.000 18.106 0.000 358.6 18.1 0.0 2
741.549 46.595 914.932 0.000 18.106 0.000 358.6 18.1 0.0 2
741.549 46.595 914.932 0.000 18.106 0.000 358.6 18.1 0.0 2
741.606 46.235 915.139 0.000 18.106 0.000 358.6 18.1 0.0 2
741.606 46.235 915.139 0.000 18.106 0.000 358.6 18.1 0.0 2
741.665 45.867 915.353 0.000 18.106 0.000 358.6 18.1 0.0 2
741.665 45.867 915.353 0.000 18.106 0.000 358.6 18.1 0.0 2
741.726 45.491 915.572 0.000 18.106 0.000 358.6 18.1 0.0 2
741.726 45.491 915.572 0.000 18.106 0.000 358.6 18.1 0.0 2
741.790 45.107 915.797 0.000 18.106 0.000 358.6 18.1 0.0 2
741.790 45.107 915.797 0.000 18.226 0.000 358.7 18.2 0.0 2
741.855 44.715 916.027 0.000 18.469 0.000 358.7 18.5 0.0 2
741.855 44.715 916.027 0.000 18.847 0.000 358.8 18.8 0.0 2
741.923 44.315 916.262 0.000 19.479 0.000 358.9 19.5 0.0 2
741.923 44.315 916.262 0.000 20.215 0.000 359.0 20.2 0.0 2
741.994 43.915 916.503 0.000 21.144 0.000 359.1 21.1 0.0 2
741.994 43.915 916.503 0.000 22.148 0.000 359.2 22.1 0.0 2
742.069 43.515 916.749 0.000 23.151 0.000 359.2 23.2 0.0 2
742.147 43.115 917.000 0.000 24.154 0.000 359.3 24.2 0.0 2
742.147 43.115 917.000 0.000 25.158 0.000 359.4 25.2 0.0 2
742.229 42.715 917.255 0.000 26.161 0.000 359.5 26.2 0.0 2
742.229 42.715 917.255 0.000 27.164 0.000 359.6 27.2 0.0 2
742.316 42.315 917.514 0.000 28.168 0.000 359.7 28.2 0.0 2
742.316 42.315 917.514 0.000 29.171 0.000 359.8 29.2 0.0 2
742.407 41.915 917.777 0.000 30.174 0.000 359.8 30.2 0.0 2
742.407 41.915 917.777 0.000 31.178 0.000 359.9 31.2 0.0 2
742.503 41.515 918.042 0.000 32.181 0.000 0.0 32.2 0.0 2
742.503 41.515 918.042 0.000 33.184 0.000 0.1 33.2 0.0 2
742.605 41.115 918.311 0.000 34.188 0.000 0.2 34.2 0.0 2
742.605 41.115 918.311 0.000 35.191 0.000 0.3 35.2 0.0 2
742.712 40.715 918.582 0.000 36.194 0.000 0.4 36.2 0.0 2
742.712 40.715 918.582 0.000 37.198 0.000 0.4 37.2 0.0 2
742.825 40.315 918.854 0.000 38.201 0.000 0.5 38.2 0.0 2
742.825 40.315 918.854 0.000 39.204 0.000 0.6 39.2 0.0 2
742.944 39.915 919.128 0.000 40.208 0.000 0.7 40.2 0.0 2
742.944 39.915 919.128 0.000 41.211 0.000 0.8 41.2 0.0 2
743.069 39.515 919.403 0.000 42.214 0.000 0.9 42.2 0.0 2
743.069 39.515 919.403 0.000 43.218 0.000 1.0 43.2 0.0 2
743.200 39.115 919.678 0.000 44.221 0.000 1.0 44.2 0.0 2
743.200 39.115 919.678 0.000 45.224 0.000 1.1 45.2 0.0 2
743.336 38.715 919.953 0.000 46.228 0.000 1.2 46.2 0.0 2
743.336 38.715 919.953 0.000 47.231 0.000 1.3 47.2 0.0 2
743.479 38.315 920.228 0.000 48.234 0.000 1.4 48.2 0.0 2
743.479 38.315 920.228 0.000 49.238 0.000 1.5 49.2 0.0 2
743.628 37.915 920.503 0.000 50.241 0.000 1.6 50.2 0.0 2
743.628 37.915 920.503 0.000 51.244 0.000 1.7 51.2 0.0 2
743.782 37.515 920.776 0.000 52.248 0.000 1.7 52.2 0.0 2
743.782 37.515 920.776 0.000 53.146 0.000 1.8 53.1 0.0 2
743.943 37.115 921.048 0.000 53.669 0.000 1.9 53.7 0.0 2
743.943 37.115 921.048 0.000 53.994 0.000 2.0 54.0 0.0 2
744.109 36.715 921.318 0.000 54.106 0.000 2.1 54.1 0.0 2
744.109 36.715 921.318 0.000 54.106 0.000 2.1 54.1 0.0 2
744.281 36.315 921.588 0.000 54.106 0.000 2.1 54.1 0.0 2
744.281 36.315 921.588 0.000 54.106 0.000 2.1 54.1 0.0 2
744.459 35.915 921.855 0.000 54.106 0.000 2.1 54.1 0.0 2
744.459 35.915 921.855 0.000 54.106 0.000 2.1 54.1 0.0 2
744.643 35.515 922.122 0.000 54.106 0.000 2.1 54.1 0.0 2
744.643 35.515 922.122 0.000 54.106 0.000 2.1 54.1 0.0 2
744.833 35.115 922.387 0.000 54.106 0.000 2.1 54.1 0.0 2
744.833 35.115 922.387 0.000 54.106 0.000 2.1 54.1 0.0 2
745.028 34.715 922.651 0.000 54.106 0.000 2.1 54.1 0.0 2
745.028 34.715 922.651 0.000 54.106 0.000 2.1 54.1 0.0 2
745.230 34.315 922.914 0.000 54.106 0.000 2.1 54.1 0.0 2
745.230 34.315 922.914 0.000 54.106 0.000 2.1 54.1 0.0 2
745.437 33.915 923.175 0.000 54.106 0.000 2.1 54.1 0.0 2
745.437 33.915 923.175 0.000 54.106 0.000 2.1 54.1 0.0 2
745.650 33.515 923.435 0.000 54.106 0.000 2.1 54.1 0.0 2
745.650 33.515 923.435 0.000 54.042 0.000 2.1 54.0 0.0 2
745.869 33.115 923.693 0.000 53.940 0.000 2.1 53.9 0.0 2
745.869 33.115 923.693 0.000 53.666 0.000 2.1 53.7 0.0 2
746.094 32.715 923.951 0.000 53.293 0.000 2.1 53.3 0.0 2
746.325 32.315 924.207 0.000 52.735 0.000 2.1 52.7 0.0 2
746.325 32.315 924.207 0.000 52.082 0.000 2.0 52.1 0.0 2
746.561 31.915 924.463 0.000 51.275 0.000 2.0 51.3 0.0 2
746.561 31.915 924.463 0.000 50.425 0.000 1.9 50.4 0.0 2
746.804 31.760 924.719 0.000 49.491 0.000 1.9 49.5 0.0 2
746.804 31.760 924.719 0.000 48.536 0.000 1.8 48.5 0.0 2
747.049 31.760 924.976 0.000 47.581 0.000 1.8 47.6 0.0 2
747.049 31.760 924.976 0.000 46.626 0.000 1.7 46.6 0.0 2
747.301 31.760 925.237 0.000 45.670 0.000 1.7 45.7 0.0 2
747.301 31.760 925.237 0.000 44.715 0.000 1.6 44.7 0.0 2
747.559 31.760 925.504 0.000 43.760 0.000 1.6 43.8 0.0 2
747.559 31.760 925.504 0.000 42.805 0.000 1.6 42.8 0.0 2
747.819 31.760 925.778 0.000 41.849 0.000 1.6 41.8 0.0 2
747.819 31.760 925.778 0.000 40.894 0.000 1.6 40.9 0.0 2
748.078 31.760 926.061 0.000 39.987 0.000 1.6 40.0 0.0 2
748.078 31.760 926.061 0.000 39.167 0.000 1.6 39.2 0.0 2
748.334 31.760 926.351 0.000 38.527 0.000 1.6 38.5 0.0 2
748.334 31.760 926.351 0.000 38.031 0.000 1.6 38.0 0.0 2
748.588 31.760 926.648 0.000 37.701 0.000 1.6 37.7 0.0 2
748.588 31.760 926.648 0.000 37.677 0.000 1.6 37.7 0.0 2
748.837 31.760 926.953 0.000 37.677 0.000 1.6 37.7 0.0 2
748.837 31.760 926.953 0.000 37.677 0.000 1.6 37.7 0.0 2
749.084 31.760 927.265 0.000 37.677 0.000 1.6 37.7 0.0 2
749.329 31.760 927.581 0.000 37.677 0.000 1.6 37.7 0.0 2
749.329 31.760 927.581 0.000 37.677 0.000 1.6 37.7 0.0 2
749.573 31.760 927.898 0.000 37.677 0.000 1.6 37.7 0.0 2
749.573 31.760 927.898 0.000 37.677 0.000 1.6 37.7 0.0 2
749.818 31.760 928.214 0.000 37.677 0.000 1.6 37.7 0.0 2
749.818 31.760 928.214 0.000 37.677 0.000 1.6 37.7 0.0 2
750.062 31.755 928.531 0.000 37.677 0.000 1.6 37.7 0.0 2
750.062 31.755 928.531 0.000 37.677 0.000 1.6 37.7 0.0 2
750.309 31.760 928.845 0.000 37.677 0.000 1.6 37.7 0.0 2
750.309 31.760 928.845 0.000 37.677 0.000 1.6 37.7 0.0 2
750.562 31.760 929.153 0.000 37.677 0.000 1.6 37.7 0.0 2
750.562 31.760 929.153 0.000 37.677 0.000 1.6 37.7 0.0 2
750.820 31.760 929.455 0.000 37.677 0.000 1.6 37.7 0.0 2
750.820 31.760 929.455 0.000 37.677 0.000 1.6 37.7 0.0 2
751.074 31.755 929.751 0.000 37.677 0.000 1.6 37.7 0.0 2
751.074 31.755 929.751 0.000 37.677 0.000 1.6 37.7 0.0 2
751.322 31.760 930.040 0.000 37.677 0.000 1.6 37.7 0.0 2
751.322 31.760 930.040 0.000 37.677 0.000 1.6 37.7 0.0 2
751.565 31.760 930.323 0.000 37.677 0.000 1.6 37.7 0.0 2
751.565 31.760 930.323 0.000 37.677 0.000 1.6 37.7 0.0 2
751.803 31.760 930.601 0.000 37.677 0.000 1.6 37.7 0.0 2
751.803 31.760 930.601 0.000 37.677 0.000 1.6 37.7 0.0 2
752.036 31.760 930.872 0.000 37.677 0.000 1.6 37.7 0.0 2
752.036 31.760 930.872 0.000 37.677 0.000 1.6 37.7 0.0 2
752.264 31.760 931.136 0.000 37.677 0.000 1.6 37.7 0.0 2
752.264 31.760 931.136 0.000 37.677 0.000 1.6 37.7 0.0 2
752.487 31.760 931.395 0.000 37.677 0.000 1.6 37.7 0.0 2
752.487 31.760 931.395 0.000 37.677 0.000 1.6 37.7 0.0 2
752.705 31.760 931.647 0.000 37.677 0.000 1.6 37.7 0.0 2
752.705 31.760 931.647 0.000 37.677 0.000 1.6 37.7 0.0 2
752.918 31.760 931.893 0.000 37.677 0.000 1.6 37.7 0.0 2
753.126 31.760 932.133 0.000 37.677 0.000 1.6 37.7 0.0 2
753.126 31.760 932.133 0.000 37.677 0.000 1.6 37.7 0.0 2
753.329 31.760 932.367 0.000 37.677 0.000 1.6 37.7 0.0 2
753.329 31.760 932.367 0.000 37.677 0.000 1.6 37.7 0.0 2
753.526 31.760 932.594 0.000 37.677 0.000 1.6 37.7 0.0 2
753.526 31.760 932.594 0.000 37.677 0.000 1.6 37.7 0.0 2
753.719 31.760 932.815 0.000 37.677 0.000 1.6 37.7 0.0 2
753.719 31.760 932.815 0.000 37.677 0.000 1.6 37.7 0.0 2
753.907 31.760 933.030 0.000 37.677 0.000 1.6 37.7 0.0 2
753.907 31.760 933.030 0.000 37.677 0.000 1.6 37.7 0.0 2
754.089 31.760 933.239 0.000 37.677 0.000 1.6 37.7 0.0 2
754.267 31.760 933.442 0.000 37.677 0.000 1.6 37.7 0.0 2
754.267 31.760 933.442 0.000 37.677 0.000 1.6 37.7 0.0 2
754.439 31.758 933.638 0.000 37.677 0.000 1.6 37.7 0.0 2
754.439 31.758 933.638 0.000 37.677 0.000 1.6 37.7 0.0 2
754.607 31.760 933.828 0.000 37.677 0.000 1.6 37.7 0.0 2
754.607 31.760 933.828 0.000 37.677 0.000 1.6 37.7 0.0 2
754.769 31.760 934.012 0.000 37.677 0.000 1.6 37.7 0.0 2
754.769 31.760 934.012 0.000 37.677 0.000 1.6 37.7 0.0 2
754.926 31.760 934.190 0.000 37.677 0.000 1.6 37.7 0.0 2
754.926 31.760 934.190 0.000 37.677 0.000 1.6 37.7 0.0 2
755.078 31.760 934.361 0.000 37.677 0.000 1.6 37.7 0.0 2
755.078 31.760 934.361 0.000 37.677 0.000 1.6 37.7 0.0 2
755.226 31.760 934.527 0.000 37.677 0.000 1.6 37.7 0.0 2
755.226 31.760 934.527 0.000 37.677 0.000 1.6 37.7 0.0 2
755.368 31.760 934.686 0.000 37.677 0.000 1.6 37.7 0.0 2
755.368 31.760 934.686 0.000 37.677 0.000 1.6 37.7 0.0 2
755.505 31.760 934.839 0.000 37.677 0.000 1.6 37.7 0.0 2
755.505 31.760 934.839 0.000 37.677 0.000 1.6 37.7 0.0 2
755.637 31.760 934.985 0.000 37.677 0.000 1.6 37.7 0.0 2
755.637 31.760 934.985 0.000 37.677 0.000 1.6 37.7 0.0 2
755.764 31.760 935.126 0.000 37.677 0.000 1.6 37.7 0.0 2
755.764 31.760 935.126 0.000 37.677 0.000 1.6 37.7 0.0 2
755.886 31.760 935.260 0.000 37.677 0.000 1.6 37.7 0.0 2
755.886 31.760 935.260 0.000 37.677 0.000 1.6 37.7 0.0 2
756.003 31.760 935.388 0.000 37.677 0.000 1.6 37.7 0.0 2
756.003 31.760 935.388 0.000 37.677 0.000 1.6 37.7 0.0 2
756.114 31.760 935.510 0.000 37.677 0.000 1.6 37.7 0.0 2
756.114 31.760 935.510 0.000 37.677 0.000 1.6 37.7 0.0 2
756.221 31.760 935.625 0.000 37.677 0.000 1.6 37.7 0.0 2
756.221 31.760 935.625 0.000 37.677 0.000 1.6 37.7 0.0 2
756.323 31.760 935.735 0.000 37.677 0.000 1.6 37.7 0.0 2
756.323 31.760 935.735 0.000 37.677 0.000 1.6 37.7 0.0 2
756.418 31.760 935.839 0.000 37.677 0.000 1.6 37.7 0.0 2
756.418 31.760 935.839 0.000 37.677 0.000 1.6 37.7 0.0 2
756.509 31.760 935.937 0.000 37.677 0.000 1.6 37.7 0.0 2
756.509 31.760 935.937 0.000 37.677 0.000 1.6 37.7 0.0 2
756.594 31.760 936.029 0.000 37.677 0.000 1.6 37.7 0.0 2
756.594 31.760 936.029 0.000 37.677 0.000 1.6 37.7 0.0 2
756.674 31.760 936.115 0.000 37.677 0.000 1.6 37.7 0.0 2
756.674 31.760 936.115 0.000 37.677 0.000 1.6 37.7 0.0 2
756.748 31.760 936.195 0.000 37.677 0.000 1.6 37.7 0.0 2
756.748 31.760 936.195 0.000 37.677 0.000 1.6 37.7 0.0 2
756.816 31.760 936.269 0.000 37.677 0.000 1.6 37.7 0.0 2
756.880 31.760 936.338 0.000 37.677 0.000 1.6 37.7 0.0 2
756.880 31.760 936.338 0.000 37.677 0.000 1.6 37.7 0.0 2
756.937 31.760 936.401 0.000 37.677 0.000 1.6 37.7 0.0 2
756.937 31.760 936.401 0.000 37.677 0.000 1.6 37.7 0.0 2
756.990 31.760 936.457 0.000 37.677 0.000 1.6 37.7 0.0 2
756.990 31.760 936.457 0.000 37.677 0.000 1.6 37.7 0.0 2
757.037 31.760 936.508 0.000 37.677 0.000 1.6 37.7 0.0 2
757.037 31.760 936.508 0.000 37.677 0.000 1.6 37.7 0.0 2
757.078 31.760 936.553 0.000 37.677 0.000 1.6 37.7 0.0 2
757.078 31.760 936.553 0.000 37.677 0.000 1.6 37.7 0.0 2
757.114 31.760 936.592 0.000 37.677 0.000 1.6 37.7 0.0 2
757.145 31.760 936.625 0.000 37.677 0.000 1.6 37.7 0.0 2
757.145 31.760 936.625 0.000 37.677 0.000 1.6 37.7 0.0 2
757.170 31.760 936.652 0.000 37.677 0.000 1.6 37.7 0.0 2
757.170 31.760 936.652 0.000 37.677 0.000 1.6 37.7 0.0 2
757.190 31.760 936.674 0.000 37.677 0.000 1.6 37.7 0.0 2
757.190 31.760 936.674 0.000 37.677 0.000 1.6 37.7 0.0 2
757.204 31.760 936.689 0.000 37.677 0.000 1.6 37.7 0.0 2
