SubjectNumber:Number
Gender:Gender
Age:Age
    Pos(x,y,z)                    Rot(x,y,z)                         Camera(x,y,z)     SetNumber
753.746 31.760 969.683 0.000 24.400 0.000 0.0 24.4 0.0 1
753.747 31.760 969.686 0.000 24.400 0.000 0.0 24.4 0.0 1
753.749 31.760 969.689 0.000 24.400 0.000 0.0 24.4 0.0 1
753.750 31.760 969.692 0.000 24.400 0.000 0.0 24.4 0.0 1
753.751 31.760 969.694 0.000 24.400 0.000 0.0 24.4 0.0 1
753.753 31.760 969.698 0.000 24.400 0.000 0.0 24.4 0.0 1
753.754 31.760 969.701 0.000 24.400 0.000 0.0 24.4 0.0 1
753.755 31.760 969.704 0.000 24.400 0.000 0.0 24.4 0.0 1
753.757 31.760 969.707 0.000 24.400 0.000 0.0 24.4 0.0 1
753.758 31.760 969.710 0.000 24.400 0.000 0.0 24.4 0.0 1
753.759 31.760 969.712 0.000 24.400 0.000 0.0 24.4 0.0 1
753.761 31.760 969.715 0.000 24.400 0.000 0.0 24.4 0.0 1
753.762 31.760 969.718 0.000 24.400 0.000 0.0 24.4 0.0 1
753.763 31.760 969.721 0.000 24.400 0.000 0.0 24.4 0.0 1
753.764 31.760 969.723 0.000 24.400 0.000 0.0 24.4 0.0 1
753.767 31.760 969.729 0.000 24.400 0.000 0.0 24.4 0.0 1
753.770 31.760 969.735 0.000 24.400 0.000 0.0 24.4 0.0 1
753.772 31.760 969.741 0.000 24.400 0.000 0.0 24.4 0.0 1
753.775 31.760 969.747 0.000 24.400 0.000 0.0 24.4 0.0 1
753.778 31.760 969.753 0.000 24.400 0.000 0.0 24.4 0.0 1
753.781 31.760 969.759 0.000 24.400 0.000 0.0 24.4 0.0 1
753.785 31.760 969.768 0.000 24.400 0.000 0.0 24.4 0.0 1
753.787 31.760 969.774 0.000 24.400 0.000 0.0 24.4 0.0 1
753.789 31.760 969.777 0.000 24.400 0.000 0.0 24.4 0.0 1
753.780 31.760 969.758 0.000 24.400 0.000 0.0 24.4 0.0 1
753.758 31.760 969.710 0.000 24.400 0.000 0.0 24.4 0.0 1
753.723 31.760 969.633 0.000 24.400 0.000 0.0 24.4 0.0 1
753.675 31.760 969.526 0.000 24.400 0.000 0.0 24.4 0.0 1
753.613 31.760 969.391 0.000 24.400 0.000 0.0 24.4 0.0 1
753.538 31.760 969.227 0.000 24.293 0.000 0.0 24.3 0.0 1
753.445 31.760 969.036 0.000 23.976 0.000 0.0 24.0 0.0 1
753.333 31.754 968.820 0.000 23.305 0.000 0.0 23.3 0.0 1
753.202 31.760 968.579 0.000 22.302 0.000 0.0 22.3 0.0 1
753.049 31.760 968.314 0.000 21.298 0.000 0.1 21.3 0.0 1
752.877 31.760 968.024 0.000 20.295 0.000 0.1 20.3 0.0 1
752.688 31.760 967.707 0.000 19.335 0.000 0.4 19.3 0.0 1
752.391 31.760 967.174 0.000 19.335 0.000 0.4 19.3 0.0 1
752.186 31.760 966.779 0.000 19.335 0.000 0.4 19.3 0.0 1
751.976 31.760 966.353 0.000 19.335 0.000 0.4 19.3 0.0 1
751.761 31.760 965.895 0.000 19.335 0.000 0.4 19.3 0.0 1
751.540 31.760 965.406 0.000 19.335 0.000 0.4 19.3 0.0 1
751.314 31.758 964.885 0.000 19.335 0.000 0.4 19.3 0.0 1
751.084 31.760 964.333 0.000 19.335 0.000 0.4 19.3 0.0 1
750.848 31.760 963.750 0.000 19.335 0.000 0.4 19.3 0.0 1
750.606 31.760 963.136 0.000 19.335 0.000 0.4 19.3 0.0 1
750.358 31.760 962.490 0.000 19.335 0.000 0.4 19.3 0.0 1
750.106 31.760 961.813 0.000 19.335 0.000 0.4 19.3 0.0 1
749.848 31.760 961.104 0.000 19.335 0.000 0.4 19.3 0.0 1
749.455 31.760 959.993 0.000 19.335 0.000 0.4 19.3 0.0 1
749.190 31.760 959.238 0.000 19.335 0.000 0.4 19.3 0.0 1
748.926 31.760 958.599 0.000 19.335 0.000 0.4 19.3 0.0 1
748.816 31.760 958.598 0.000 19.364 0.000 0.4 19.4 0.0 1
748.809 31.760 958.598 0.000 19.768 0.000 0.4 19.8 0.0 1
748.802 31.760 958.598 0.000 20.535 0.000 0.4 20.5 0.0 1
748.796 31.760 958.598 0.000 21.539 0.000 0.4 21.5 0.0 1
748.789 31.760 958.597 0.000 22.542 0.000 0.5 22.5 0.0 1
748.781 31.760 958.597 0.000 23.545 0.000 0.5 23.5 0.0 1
748.773 31.760 958.597 0.000 24.549 0.000 0.5 24.5 0.0 1
748.765 31.760 958.596 0.000 25.552 0.000 0.6 25.6 0.0 1
748.756 31.760 958.596 0.000 26.555 0.000 0.6 26.6 0.0 1
748.747 31.760 958.596 0.000 27.559 0.000 0.6 27.6 0.0 1
748.724 31.760 958.580 0.000 28.562 0.000 0.7 28.6 0.0 1
748.677 31.760 958.576 0.000 29.565 0.000 0.7 29.6 0.0 1
748.622 31.760 958.573 0.000 30.569 0.000 0.7 30.6 0.0 1
748.556 31.760 958.571 0.000 31.572 0.000 0.8 31.6 0.0 1
748.439 31.760 958.569 0.000 32.575 0.000 0.8 32.6 0.0 1
748.348 31.760 958.568 0.000 33.579 0.000 0.8 33.6 0.0 1
748.248 31.760 958.568 0.000 34.582 0.000 0.8 34.6 0.0 1
748.139 31.760 958.567 0.000 34.851 0.000 0.8 34.9 0.0 1
748.019 31.760 958.565 0.000 34.851 0.000 0.8 34.9 0.0 1
747.904 31.760 958.557 0.000 34.851 0.000 0.8 34.9 0.0 1
747.790 31.760 958.580 0.000 34.851 0.000 0.8 34.9 0.0 1
747.684 31.760 958.634 0.000 34.851 0.000 0.8 34.9 0.0 1
747.593 31.760 958.717 0.000 34.851 0.000 0.8 34.9 0.0 1
747.519 31.760 958.827 0.000 34.851 0.000 0.8 34.9 0.0 1
747.466 31.760 958.960 0.000 34.851 0.000 0.8 34.9 0.0 1
747.434 31.760 959.118 0.000 34.851 0.000 0.8 34.9 0.0 1
747.424 31.760 959.300 0.000 34.851 0.000 0.8 34.9 0.0 1
747.434 31.760 959.505 0.000 34.534 0.000 0.8 34.5 0.0 1
747.464 31.760 959.736 0.000 33.531 0.000 0.8 33.5 0.0 1
747.547 31.760 960.128 0.000 32.527 0.000 0.8 32.5 0.0 1
747.627 31.760 960.422 0.000 31.524 0.000 0.8 31.5 0.0 1
747.725 31.760 960.742 0.000 30.521 0.000 0.8 30.5 0.0 1
747.841 31.760 961.088 0.000 29.517 0.000 0.8 29.5 0.0 1
747.975 31.760 961.460 0.000 28.514 0.000 0.8 28.5 0.0 1
748.127 31.760 961.859 0.000 27.511 0.000 0.8 27.5 0.0 1
748.297 31.760 962.284 0.000 26.507 0.000 0.8 26.5 0.0 1
748.483 31.760 962.737 0.000 25.504 0.000 0.8 25.5 0.0 1
748.685 31.760 963.217 0.000 24.501 0.000 0.8 24.5 0.0 1
748.901 31.760 963.726 0.000 23.497 0.000 0.8 23.5 0.0 1
749.136 31.760 964.260 0.000 22.494 0.000 0.8 22.5 0.0 1
749.393 31.760 964.817 0.000 21.491 0.000 0.8 21.5 0.0 1
749.670 31.760 965.400 0.000 20.487 0.000 0.8 20.5 0.0 1
749.965 31.760 966.008 0.000 19.484 0.000 0.8 19.5 0.0 1
750.277 31.760 966.645 0.000 18.581 0.000 1.2 18.6 0.0 1
750.603 31.760 967.309 0.000 18.448 0.000 1.3 18.4 0.0 1
750.943 31.760 968.002 0.000 18.448 0.000 1.3 18.4 0.0 1
751.311 31.760 968.702 0.000 18.448 0.000 1.3 18.4 0.0 1
751.913 31.760 969.739 0.000 18.975 0.000 1.3 19.0 0.0 1
752.334 31.760 970.419 0.000 19.978 0.000 1.3 20.0 0.0 1
752.768 31.760 971.091 0.000 20.981 0.000 1.3 21.0 0.0 1
753.213 31.760 971.755 0.000 21.985 0.000 1.3 22.0 0.0 1
753.670 31.760 972.412 0.000 22.988 0.000 1.3 23.0 0.0 1
754.111 31.760 973.078 0.000 23.991 0.000 1.3 24.0 0.0 1
754.529 31.760 973.758 0.000 24.995 0.000 1.3 25.0 0.0 1
754.923 31.760 974.454 0.000 25.998 0.000 1.3 26.0 0.0 1
755.324 31.760 975.146 0.000 27.001 0.000 1.3 27.0 0.0 1
755.737 31.760 975.831 0.000 28.005 0.000 1.3 28.0 0.0 1
756.135 31.760 976.525 0.000 29.008 0.000 1.3 29.0 0.0 1
756.536 31.760 977.217 0.000 30.011 0.000 1.3 30.0 0.0 1
756.949 31.760 977.902 0.000 31.015 0.000 1.3 31.0 0.0 1
757.373 31.760 978.581 0.000 32.018 0.000 1.3 32.0 0.0 1
757.809 31.760 979.251 0.000 33.021 0.000 1.3 33.0 0.0 1
758.257 31.760 979.914 0.000 34.025 0.000 1.3 34.0 0.0 1
758.710 31.760 980.574 0.000 34.503 0.000 1.3 34.5 0.0 1
759.390 31.760 981.562 0.000 34.503 0.000 1.3 34.5 0.0 1
759.862 31.760 982.207 0.000 34.503 0.000 1.3 34.5 0.0 1
760.358 31.760 982.831 0.000 34.503 0.000 1.3 34.5 0.0 1
760.878 31.760 983.433 0.000 34.503 0.000 1.3 34.5 0.0 1
761.420 31.760 984.012 0.000 34.503 0.000 1.3 34.5 0.0 1
761.985 31.760 984.568 0.000 34.593 0.000 1.3 34.6 0.0 1
762.572 31.760 985.102 0.000 35.111 0.000 1.3 35.1 0.0 1
763.182 31.760 985.613 0.000 36.114 0.000 1.4 36.1 0.0 1
763.813 31.760 986.100 0.000 37.118 0.000 1.4 37.1 0.0 1
764.443 31.760 986.593 0.000 38.121 0.000 1.5 38.1 0.0 1
765.057 31.760 987.103 0.000 39.124 0.000 1.5 39.1 0.0 1
765.649 31.759 987.637 0.000 40.128 0.000 1.6 40.1 0.0 1
766.219 31.760 988.193 0.000 41.131 0.000 1.6 41.1 0.0 1
766.768 31.760 988.773 0.000 42.134 0.000 1.7 42.1 0.0 1
767.315 31.760 989.356 0.000 43.138 0.000 1.8 43.1 0.0 1
767.872 31.760 989.930 0.000 44.141 0.000 1.8 44.1 0.0 1
768.722 31.760 990.777 0.000 45.144 0.000 1.9 45.1 0.0 1
769.299 31.760 991.331 0.000 46.148 0.000 1.9 46.1 0.0 1
769.885 31.760 991.875 0.000 47.151 0.000 2.0 47.2 0.0 1
770.481 31.760 992.409 0.000 48.154 0.000 2.0 48.2 0.0 1
771.089 31.760 992.928 0.000 49.158 0.000 2.1 49.2 0.0 1
771.714 31.760 993.427 0.000 50.161 0.000 2.1 50.2 0.0 1
772.356 31.760 993.899 0.000 51.164 0.000 2.2 51.2 0.0 1
773.015 31.760 994.343 0.000 52.168 0.000 2.2 52.2 0.0 1
773.689 31.760 994.760 0.000 53.171 0.000 2.3 53.2 0.0 1
774.377 31.760 995.148 0.000 54.174 0.000 2.3 54.2 0.0 1
775.076 31.760 995.505 0.000 55.178 0.000 2.4 55.2 0.0 1
775.786 31.760 995.833 0.000 56.181 0.000 2.4 56.2 0.0 1
776.504 31.758 996.130 0.000 57.184 0.000 2.4 57.2 0.0 1
777.231 31.760 996.395 0.000 58.061 0.000 2.4 58.1 0.0 1
777.963 31.760 996.630 0.000 58.142 0.000 2.4 58.1 0.0 1
778.702 31.760 996.833 0.000 58.142 0.000 2.4 58.1 0.0 1
779.447 31.760 997.004 0.000 58.142 0.000 2.4 58.1 0.0 1
780.197 31.760 997.144 0.000 58.142 0.000 2.4 58.1 0.0 1
780.954 31.760 997.253 0.000 58.142 0.000 2.4 58.1 0.0 1
781.714 31.760 997.331 0.000 58.142 0.000 2.4 58.1 0.0 1
782.865 31.760 997.393 0.000 58.142 0.000 2.4 58.1 0.0 1
783.639 31.760 997.396 0.000 58.142 0.000 2.4 58.1 0.0 1
784.419 31.760 997.368 0.000 58.142 0.000 2.4 58.1 0.0 1
785.205 31.757 997.308 0.000 58.142 0.000 2.4 58.1 0.0 1
785.994 31.760 997.227 0.000 58.142 0.000 2.4 58.1 0.0 1
787.189 31.760 997.113 0.000 58.142 0.000 2.4 58.1 0.0 1
787.987 31.760 997.061 0.000 58.142 0.000 2.4 58.1 0.0 1
788.785 31.760 997.041 0.000 58.142 0.000 2.4 58.1 0.0 1
789.581 31.760 997.052 0.000 58.142 0.000 2.4 58.1 0.0 1
790.371 31.760 997.095 0.000 58.142 0.000 2.4 58.1 0.0 1
791.151 31.760 997.169 0.000 58.142 0.000 2.4 58.1 0.0 1
791.923 31.760 997.273 0.000 58.052 0.000 2.4 58.1 0.0 1
792.686 31.760 997.408 0.000 57.858 0.000 2.4 57.9 0.0 1
793.440 31.760 997.574 0.000 57.479 0.000 2.4 57.5 0.0 1
794.183 31.760 997.770 0.000 56.896 0.000 2.4 56.9 0.0 1
794.912 31.760 997.995 0.000 56.124 0.000 2.4 56.1 0.0 1
795.627 31.760 998.248 0.000 55.221 0.000 2.4 55.2 0.0 1
796.323 31.760 998.527 0.000 54.218 0.000 2.4 54.2 0.0 1
797.001 31.760 998.833 0.000 53.215 0.000 2.4 53.2 0.0 1
797.659 31.760 999.163 0.000 52.211 0.000 2.4 52.2 0.0 1
798.295 31.760 999.518 0.000 51.208 0.000 2.4 51.2 0.0 1
799.207 31.760 1000.091 0.000 50.205 0.000 2.4 50.2 0.0 1
799.785 31.760 1000.501 0.000 49.201 0.000 2.4 49.2 0.0 1
800.339 31.760 1000.931 0.000 48.198 0.000 2.4 48.2 0.0 1
800.867 31.751 1001.380 0.000 47.195 0.000 2.4 47.2 0.0 1
801.369 31.760 1001.848 0.000 46.191 0.000 2.4 46.2 0.0 1
801.845 31.760 1002.333 0.000 45.188 0.000 2.4 45.2 0.0 1
802.294 31.760 1002.836 0.000 44.185 0.000 2.4 44.2 0.0 1
802.716 31.760 1003.357 0.000 43.181 0.000 2.4 43.2 0.0 1
803.110 31.760 1003.894 0.000 42.178 0.000 2.4 42.2 0.0 1
803.478 31.760 1004.448 0.000 41.175 0.000 2.4 41.2 0.0 1
803.978 31.760 1005.311 0.000 40.171 0.000 2.4 40.2 0.0 1
804.283 31.760 1005.914 0.000 39.168 0.000 2.4 39.2 0.0 1
804.575 31.760 1006.545 0.000 38.165 0.000 2.4 38.2 0.0 1
804.867 31.760 1007.208 0.000 37.161 0.000 2.4 37.2 0.0 1
805.162 31.760 1007.902 0.000 36.158 0.000 2.4 36.2 0.0 1
805.469 31.759 1008.626 0.000 35.155 0.000 2.4 35.2 0.0 1
805.802 31.760 1009.350 0.000 34.151 0.000 2.4 34.2 0.0 1
806.148 31.760 1010.071 0.000 33.148 0.000 2.4 33.1 0.0 1
806.481 31.760 1010.798 0.000 32.145 0.000 2.4 32.1 0.0 1
806.830 31.760 1011.518 0.000 31.141 0.000 2.4 31.1 0.0 1
807.397 31.760 1012.576 0.000 30.138 0.000 2.4 30.1 0.0 1
807.786 31.760 1013.275 0.000 29.135 0.000 2.4 29.1 0.0 1
808.163 31.760 1013.980 0.000 28.131 0.000 2.4 28.1 0.0 1
808.528 31.760 1014.692 0.000 27.128 0.000 2.4 27.1 0.0 1
808.880 31.760 1015.410 0.000 26.125 0.000 2.4 26.1 0.0 1
809.220 31.760 1016.135 0.000 25.121 0.000 2.4 25.1 0.0 1
809.547 31.760 1016.865 0.000 24.118 0.000 2.4 24.1 0.0 1
809.861 31.760 1017.600 0.000 23.115 0.000 2.4 23.1 0.0 1
810.162 31.760 1018.341 0.000 22.111 0.000 2.4 22.1 0.0 1
810.450 31.760 1019.088 0.000 21.108 0.000 2.4 21.1 0.0 1
810.725 31.760 1019.839 0.000 20.105 0.000 2.4 20.1 0.0 1
810.987 31.760 1020.595 0.000 19.101 0.000 2.4 19.1 0.0 1
811.236 31.760 1021.355 0.000 18.098 0.000 2.4 18.1 0.0 1
811.471 31.760 1022.120 0.000 17.095 0.000 2.4 17.1 0.0 1
811.692 31.760 1022.889 0.000 16.091 0.000 2.4 16.1 0.0 1
811.901 31.760 1023.661 0.000 15.088 0.000 2.4 15.1 0.0 1
812.095 31.760 1024.437 0.000 14.085 0.000 2.4 14.1 0.0 1
812.367 31.760 1025.606 0.000 13.081 0.000 2.4 13.1 0.0 1
812.534 31.759 1026.388 0.000 12.078 0.000 2.4 12.1 0.0 1
812.689 31.760 1027.173 0.000 11.075 0.000 2.4 11.1 0.0 1
812.828 31.760 1027.961 0.000 10.071 0.000 2.4 10.1 0.0 1
812.955 31.760 1028.751 0.000 9.068 0.000 2.4 9.1 0.0 1
813.067 31.760 1029.543 0.000 8.065 0.000 2.4 8.1 0.0 1
813.165 31.760 1030.337 0.000 7.061 0.000 2.4 7.1 0.0 1
813.292 31.760 1031.530 0.000 6.058 0.000 2.4 6.1 0.0 1
813.363 31.760 1032.327 0.000 5.125 0.000 2.4 5.1 0.0 1
813.435 31.760 1033.124 0.000 5.125 0.000 2.4 5.1 0.0 1
813.506 31.760 1033.920 0.000 5.125 0.000 2.4 5.1 0.0 1
813.578 31.760 1034.717 0.000 5.125 0.000 2.4 5.1 0.0 1
813.649 31.760 1035.514 0.000 5.125 0.000 2.4 5.1 0.0 1
813.721 31.760 1036.311 0.000 5.125 0.000 2.4 5.1 0.0 1
813.792 31.760 1037.108 0.000 5.125 0.000 2.4 5.1 0.0 1
813.863 31.760 1037.904 0.000 5.125 0.000 2.4 5.1 0.0 1
813.935 31.760 1038.701 0.000 5.125 0.000 2.4 5.1 0.0 1
814.006 31.760 1039.498 0.000 5.125 0.000 2.4 5.1 0.0 1
814.075 31.760 1040.295 0.000 4.943 0.000 2.4 4.9 0.0 1
814.133 31.760 1041.092 0.000 4.119 0.000 2.4 4.1 0.0 1
814.176 31.760 1041.891 0.000 3.116 0.000 2.4 3.1 0.0 1
814.206 31.760 1042.691 0.000 2.113 0.000 2.4 2.1 0.0 1
814.221 31.760 1043.491 0.000 1.109 0.000 2.4 1.1 0.0 1
814.223 31.760 1044.291 0.000 0.106 0.000 2.4 0.1 0.0 1
814.210 31.760 1045.090 0.000 359.103 0.000 2.4 359.1 0.0 1
814.170 31.760 1046.290 0.000 358.099 0.000 2.4 358.1 0.0 1
814.130 31.760 1047.089 0.000 357.096 0.000 2.4 357.1 0.0 1
814.075 31.760 1047.887 0.000 356.093 0.000 2.4 356.1 0.0 1
814.007 31.760 1048.684 0.000 355.089 0.000 2.4 355.1 0.0 1
813.924 31.760 1049.480 0.000 354.086 0.000 2.4 354.1 0.0 1
813.781 31.760 1050.671 0.000 353.135 0.000 2.3 353.1 0.0 1
813.685 31.760 1051.465 0.000 353.135 0.000 2.3 353.1 0.0 1
813.590 31.760 1052.260 0.000 353.135 0.000 2.3 353.1 0.0 1
813.494 31.760 1053.054 0.000 353.135 0.000 2.3 353.1 0.0 1
813.398 31.760 1053.848 0.000 353.135 0.000 2.3 353.1 0.0 1
813.303 31.760 1054.642 0.000 353.135 0.000 2.3 353.1 0.0 1
813.207 31.759 1055.437 0.000 353.135 0.000 2.3 353.1 0.0 1
813.131 31.760 1056.233 0.000 353.107 0.000 2.3 353.1 0.0 1
813.046 31.760 1057.028 0.000 352.855 0.000 2.3 352.9 0.0 1
812.941 31.760 1057.821 0.000 352.281 0.000 2.3 352.3 0.0 1
812.837 31.760 1058.590 0.000 351.500 0.000 2.3 351.5 0.0 1
812.737 31.760 1059.327 0.000 350.707 0.000 2.3 350.7 0.0 1
812.642 31.760 1060.033 0.000 350.595 0.000 2.3 350.6 0.0 1
812.551 31.757 1060.706 0.000 350.595 0.000 2.3 350.6 0.0 1
812.464 31.760 1061.348 0.000 350.595 0.000 2.3 350.6 0.0 1
812.381 31.760 1061.959 0.000 350.595 0.000 2.3 350.6 0.0 1
812.303 31.758 1062.537 0.000 350.595 0.000 2.3 350.6 0.0 1
812.229 31.760 1063.084 0.000 350.595 0.000 2.3 350.6 0.0 1
812.160 31.760 1063.599 0.000 350.595 0.000 2.3 350.6 0.0 1
812.065 31.760 1064.312 0.000 350.595 0.000 2.3 350.6 0.0 1
812.007 31.760 1064.748 0.000 350.595 0.000 2.3 350.6 0.0 1
811.954 31.760 1065.152 0.000 350.445 0.000 2.3 350.4 0.0 1
811.906 31.760 1065.524 0.000 349.634 0.000 2.3 349.6 0.0 1
811.863 31.754 1065.865 0.000 348.630 0.000 2.2 348.6 0.0 1
811.825 31.760 1066.174 0.000 347.627 0.000 2.2 347.6 0.0 1
811.775 31.760 1066.673 0.000 346.624 0.000 2.1 346.6 0.0 1
811.756 31.760 1067.042 0.000 345.620 0.000 2.1 345.6 0.0 1
811.755 31.760 1067.437 0.000 344.617 0.000 2.0 344.6 0.0 1
811.769 31.760 1067.861 0.000 343.614 0.000 2.0 343.6 0.0 1
811.799 31.760 1068.313 0.000 342.610 0.000 1.9 342.6 0.0 1
811.842 31.760 1068.793 0.000 341.607 0.000 1.9 341.6 0.0 1
811.898 31.760 1069.302 0.000 340.604 0.000 1.9 340.6 0.0 1
811.970 31.758 1069.840 0.000 339.600 0.000 1.8 339.6 0.0 1
812.061 31.760 1070.403 0.000 338.597 0.000 1.8 338.6 0.0 1
812.236 31.760 1071.292 0.000 337.594 0.000 1.7 337.6 0.0 1
812.382 31.760 1071.913 0.000 336.590 0.000 1.7 336.6 0.0 1
812.551 31.757 1072.555 0.000 335.587 0.000 1.6 335.6 0.0 1
812.743 31.760 1073.219 0.000 335.475 0.000 1.6 335.5 0.0 1
812.958 31.760 1073.905 0.000 335.475 0.000 1.6 335.5 0.0 1
813.195 31.760 1074.612 0.000 335.475 0.000 1.6 335.5 0.0 1
813.452 31.760 1075.339 0.000 335.475 0.000 1.6 335.5 0.0 1
813.729 31.760 1076.086 0.000 335.475 0.000 1.6 335.5 0.0 1
814.009 31.760 1076.835 0.000 335.475 0.000 1.6 335.5 0.0 1
814.289 31.760 1077.585 0.000 335.475 0.000 1.6 335.5 0.0 1
814.569 31.760 1078.334 0.000 335.475 0.000 1.6 335.5 0.0 1
814.836 31.760 1079.088 0.000 335.475 0.000 1.6 335.5 0.0 1
815.095 31.760 1079.845 0.000 335.475 0.000 1.6 335.5 0.0 1
815.338 31.760 1080.608 0.000 335.475 0.000 1.6 335.5 0.0 1
815.556 31.760 1081.377 0.000 335.475 0.000 1.6 335.5 0.0 1
815.748 31.760 1082.154 0.000 335.475 0.000 1.6 335.5 0.0 1
815.913 31.760 1082.936 0.000 335.482 0.000 1.6 335.5 0.0 1
816.047 31.760 1083.722 0.000 335.891 0.000 1.6 335.9 0.0 1
816.149 31.760 1084.507 0.000 336.789 0.000 1.6 336.8 0.0 1
816.243 31.760 1085.680 0.000 337.792 0.000 1.6 337.8 0.0 1
816.265 31.760 1086.456 0.000 338.796 0.000 1.6 338.8 0.0 1
816.256 31.760 1087.227 0.000 339.799 0.000 1.6 339.8 0.0 1
816.239 31.760 1087.971 0.000 340.802 0.000 1.6 340.8 0.0 1
816.227 31.760 1088.684 0.000 341.806 0.000 1.6 341.8 0.0 1
816.221 31.760 1089.365 0.000 342.809 0.000 1.6 342.8 0.0 1
816.220 31.760 1090.015 0.000 343.812 0.000 1.6 343.8 0.0 1
816.225 31.760 1090.633 0.000 344.816 0.000 1.6 344.8 0.0 1
816.236 31.760 1091.220 0.000 345.819 0.000 1.6 345.8 0.0 1
816.254 31.760 1091.775 0.000 346.822 0.000 1.6 346.8 0.0 1
816.278 31.760 1092.299 0.000 347.826 0.000 1.6 347.8 0.0 1
816.308 31.760 1092.792 0.000 348.829 0.000 1.6 348.8 0.0 1
816.345 31.760 1093.252 0.000 349.832 0.000 1.6 349.8 0.0 1
816.387 31.760 1093.682 0.000 350.836 0.000 1.6 350.8 0.0 1
816.436 31.759 1094.080 0.000 351.437 0.000 1.5 351.4 0.0 1
816.494 31.750 1094.447 0.000 351.437 0.000 1.5 351.4 0.0 1
816.560 31.760 1094.783 0.000 351.437 0.000 1.5 351.4 0.0 1
816.678 31.760 1095.230 0.000 351.437 0.000 1.5 351.4 0.0 1
816.769 31.760 1095.490 0.000 351.437 0.000 1.5 351.4 0.0 1
816.869 31.760 1095.719 0.000 351.562 0.000 1.5 351.6 0.0 1
816.978 31.760 1095.917 0.000 352.539 0.000 1.5 352.5 0.0 1
817.094 31.760 1096.085 0.000 353.542 0.000 1.5 353.5 0.0 1
817.216 31.760 1096.220 0.000 354.545 0.000 1.5 354.5 0.0 1
817.337 31.760 1096.324 0.000 355.549 0.000 1.6 355.5 0.0 1
817.457 31.760 1096.395 0.000 356.552 0.000 1.6 356.6 0.0 1
817.575 31.760 1096.435 0.000 357.555 0.000 1.6 357.6 0.0 1
817.744 31.760 1096.435 0.000 358.559 0.000 1.6 358.6 0.0 1
817.853 31.760 1096.395 0.000 359.562 0.000 1.6 359.6 0.0 1
817.965 31.760 1096.323 0.000 0.565 0.000 1.6 0.6 0.0 1
818.088 31.760 1096.222 0.000 1.569 0.000 1.6 1.6 0.0 1
818.226 31.760 1096.093 0.000 2.572 0.000 1.6 2.6 0.0 1
818.380 31.760 1095.936 0.000 3.575 0.000 1.6 3.6 0.0 1
818.550 31.760 1095.751 0.000 4.579 0.000 1.7 4.6 0.0 1
818.736 31.760 1095.539 0.000 5.582 0.000 1.7 5.6 0.0 1
818.937 31.760 1095.298 0.000 6.585 0.000 1.7 6.6 0.0 1
819.151 31.760 1095.028 0.000 7.589 0.000 1.7 7.6 0.0 1
819.379 31.760 1094.730 0.000 8.592 0.000 1.7 8.6 0.0 1
819.618 31.760 1094.401 0.000 9.595 0.000 1.7 9.6 0.0 1
819.869 31.760 1094.043 0.000 10.599 0.000 1.7 10.6 0.0 1
820.130 31.755 1093.655 0.000 11.602 0.000 1.7 11.6 0.0 1
820.398 31.751 1093.237 0.000 12.605 0.000 1.7 12.6 0.0 1
820.675 31.760 1092.788 0.000 13.609 0.000 1.7 13.6 0.0 1
820.957 31.760 1092.307 0.000 14.612 0.000 1.7 14.6 0.0 1
821.395 31.760 1091.528 0.000 15.615 0.000 1.7 15.6 0.0 1
821.696 31.760 1090.971 0.000 16.619 0.000 1.7 16.6 0.0 1
822.004 31.760 1090.382 0.000 17.622 0.000 1.7 17.6 0.0 1
822.320 31.760 1089.761 0.000 18.625 0.000 1.7 18.6 0.0 1
822.641 31.760 1089.110 0.000 19.629 0.000 1.7 19.6 0.0 1
822.966 31.760 1088.427 0.000 20.632 0.000 1.7 20.6 0.0 1
823.287 31.760 1087.712 0.000 21.635 0.000 1.7 21.6 0.0 1
823.593 31.760 1086.975 0.000 22.639 0.000 1.7 22.6 0.0 1
823.885 31.760 1086.230 0.000 23.642 0.000 1.7 23.6 0.0 1
824.302 31.751 1085.106 0.000 24.645 0.000 1.7 24.6 0.0 1
824.571 31.760 1084.353 0.000 25.649 0.000 1.7 25.6 0.0 1
824.823 31.760 1083.594 0.000 26.652 0.000 1.7 26.7 0.0 1
825.062 31.760 1082.830 0.000 27.655 0.000 1.7 27.7 0.0 1
825.287 31.759 1082.063 0.000 28.659 0.000 1.7 28.7 0.0 1
825.503 31.760 1081.293 0.000 29.662 0.000 1.7 29.7 0.0 1
825.701 31.760 1080.518 0.000 30.665 0.000 1.7 30.7 0.0 1
825.886 31.760 1079.739 0.000 31.669 0.000 1.7 31.7 0.0 1
826.057 31.760 1078.958 0.000 32.672 0.000 1.7 32.7 0.0 1
826.214 31.757 1078.173 0.000 33.675 0.000 1.7 33.7 0.0 1
826.363 31.760 1077.388 0.000 34.679 0.000 1.7 34.7 0.0 1
826.492 31.753 1076.598 0.000 35.682 0.000 1.7 35.7 0.0 1
826.615 31.760 1075.809 0.000 36.685 0.000 1.7 36.7 0.0 1
826.717 31.760 1075.015 0.000 37.689 0.000 1.7 37.7 0.0 1
826.805 31.760 1074.220 0.000 38.692 0.000 1.7 38.7 0.0 1
826.879 31.760 1073.423 0.000 39.695 0.000 1.7 39.7 0.0 1
826.939 31.760 1072.626 0.000 40.699 0.000 1.7 40.7 0.0 1
827.008 31.760 1071.428 0.000 41.702 0.000 1.7 41.7 0.0 1
827.074 31.760 1070.642 0.000 42.705 0.000 1.7 42.7 0.0 1
827.165 31.760 1069.876 0.000 43.709 0.000 1.7 43.7 0.0 1
827.280 31.760 1069.132 0.000 44.712 0.000 1.7 44.7 0.0 1
827.416 31.760 1068.411 0.000 45.715 0.000 1.7 45.7 0.0 1
827.575 31.760 1067.714 0.000 46.719 0.000 1.7 46.7 0.0 1
827.755 31.760 1067.040 0.000 47.722 0.000 1.7 47.7 0.0 1
827.959 31.760 1066.388 0.000 48.725 0.000 1.7 48.7 0.0 1
828.185 31.756 1065.759 0.000 49.729 0.000 1.7 49.7 0.0 1
828.433 31.760 1065.153 0.000 50.732 0.000 1.7 50.7 0.0 1
828.850 31.760 1064.284 0.000 51.735 0.000 1.7 51.7 0.0 1
829.157 31.760 1063.733 0.000 52.739 0.000 1.7 52.7 0.0 1
829.489 31.760 1063.200 0.000 53.742 0.000 1.7 53.7 0.0 1
829.826 31.760 1062.649 0.000 54.745 0.000 1.7 54.7 0.0 1
830.146 31.760 1062.072 0.000 55.749 0.000 1.7 55.7 0.0 1
830.444 31.760 1061.472 0.000 56.752 0.000 1.7 56.8 0.0 1
830.718 31.760 1060.851 0.000 57.755 0.000 1.7 57.8 0.0 1
830.964 31.760 1060.219 0.000 58.759 0.000 1.7 58.8 0.0 1
831.179 31.760 1059.577 0.000 59.762 0.000 1.7 59.8 0.0 1
831.363 31.760 1058.926 0.000 60.765 0.000 1.7 60.8 0.0 1
831.517 31.760 1058.267 0.000 61.769 0.000 1.7 61.8 0.0 1
831.639 31.760 1057.599 0.000 62.772 0.000 1.7 62.8 0.0 1
831.731 31.760 1056.924 0.000 63.775 0.000 1.7 63.8 0.0 1
831.791 31.760 1056.242 0.000 64.779 0.000 1.7 64.8 0.0 1
831.819 31.760 1055.555 0.000 65.782 0.000 1.7 65.8 0.0 1
831.803 31.758 1054.513 0.000 66.785 0.000 1.8 66.8 0.0 1
831.753 31.760 1053.812 0.000 67.789 0.000 1.8 67.8 0.0 1
831.671 31.760 1053.108 0.000 68.792 0.000 1.8 68.8 0.0 1
831.558 31.760 1052.401 0.000 69.795 0.000 1.8 69.8 0.0 1
831.412 31.760 1051.692 0.000 70.799 0.000 1.8 70.8 0.0 1
831.234 31.760 1050.981 0.000 71.802 0.000 1.8 71.8 0.0 1
831.025 31.760 1050.272 0.000 72.805 0.000 1.8 72.8 0.0 1
830.783 31.760 1049.563 0.000 73.809 0.000 1.8 73.8 0.0 1
830.510 31.760 1048.857 0.000 74.812 0.000 1.8 74.8 0.0 1
830.205 31.760 1048.156 0.000 75.815 0.000 1.8 75.8 0.0 1
829.868 31.760 1047.460 0.000 76.819 0.000 1.8 76.8 0.0 1
829.501 31.760 1046.771 0.000 77.822 0.000 1.8 77.8 0.0 1
828.892 31.760 1045.756 0.000 78.825 0.000 1.8 78.8 0.0 1
828.449 31.760 1045.093 0.000 79.829 0.000 1.9 79.8 0.0 1
828.022 31.760 1044.432 0.000 80.832 0.000 1.9 80.8 0.0 1
827.628 31.760 1043.773 0.000 81.835 0.000 1.9 81.8 0.0 1
827.265 31.760 1043.118 0.000 82.839 0.000 1.9 82.8 0.0 1
826.934 31.760 1042.469 0.000 83.842 0.000 1.9 83.8 0.0 1
826.634 31.760 1041.824 0.000 84.845 0.000 1.9 84.8 0.0 1
826.366 31.760 1041.186 0.000 85.849 0.000 1.9 85.8 0.0 1
826.127 31.760 1040.560 0.000 86.852 0.000 1.9 86.9 0.0 1
825.917 31.760 1039.950 0.000 87.855 0.000 1.9 87.9 0.0 1
825.733 31.760 1039.356 0.000 88.859 0.000 1.9 88.9 0.0 1
825.577 31.760 1038.780 0.000 89.862 0.000 1.9 89.9 0.0 1
825.448 31.760 1038.219 0.000 90.865 0.000 1.9 90.9 0.0 1
825.332 31.760 1037.687 0.000 91.869 0.000 1.9 91.9 0.0 1
825.171 31.760 1036.946 0.000 92.872 0.000 2.0 92.9 0.0 1
825.070 31.760 1036.492 0.000 93.744 0.000 2.0 93.7 0.0 1
824.972 31.760 1036.070 0.000 93.847 0.000 2.0 93.8 0.0 1
824.878 31.760 1035.680 0.000 93.847 0.000 2.0 93.8 0.0 1
824.783 31.760 1035.321 0.000 93.847 0.000 2.0 93.8 0.0 1
824.690 31.760 1034.995 0.000 93.847 0.000 2.0 93.8 0.0 1
824.598 31.760 1034.701 0.000 93.847 0.000 2.0 93.8 0.0 1
824.501 31.760 1034.438 0.000 93.847 0.000 2.0 93.8 0.0 1
824.398 31.760 1034.207 0.000 93.847 0.000 2.0 93.8 0.0 1
824.291 31.754 1034.008 0.000 93.847 0.000 2.0 93.8 0.0 1
824.176 31.760 1033.839 0.000 93.847 0.000 2.0 93.8 0.0 1
824.043 31.760 1033.697 0.000 93.731 0.000 2.0 93.7 0.0 1
823.882 31.760 1033.566 0.000 93.318 0.000 2.0 93.3 0.0 1
823.690 31.760 1033.445 0.000 92.599 0.000 2.0 92.6 0.0 1
823.467 31.760 1033.330 0.000 91.687 0.000 2.0 91.7 0.0 1
823.213 31.760 1033.223 0.000 90.684 0.000 2.0 90.7 0.0 1
822.773 31.760 1033.074 0.000 89.680 0.000 2.0 89.7 0.0 1
822.441 31.760 1032.981 0.000 88.677 0.000 2.0 88.7 0.0 1
822.076 31.760 1032.892 0.000 87.674 0.000 2.0 87.7 0.0 1
821.680 31.760 1032.805 0.000 86.670 0.000 2.0 86.7 0.0 1
821.254 31.760 1032.709 0.000 85.667 0.000 2.0 85.7 0.0 1
820.804 31.760 1032.592 0.000 84.664 0.000 2.0 84.7 0.0 1
820.360 31.757 1032.447 0.000 83.660 0.000 2.0 83.7 0.0 1
819.944 31.760 1032.294 0.000 82.657 0.000 2.0 82.7 0.0 1
819.559 31.760 1032.140 0.000 81.654 0.000 2.0 81.7 0.0 1
819.206 31.760 1031.985 0.000 80.650 0.000 2.0 80.7 0.0 1
818.885 31.760 1031.836 0.000 79.647 0.000 2.0 79.6 0.0 1
818.595 31.760 1031.695 0.000 78.985 0.000 2.0 79.0 0.0 1
818.336 31.760 1031.562 0.000 78.985 0.000 2.0 79.0 0.0 1
818.108 31.760 1031.438 0.000 78.985 0.000 2.0 79.0 0.0 1
817.910 31.754 1031.322 0.000 78.985 0.000 2.0 79.0 0.0 1
817.744 31.760 1031.214 0.000 78.985 0.000 2.0 79.0 0.0 1
817.608 31.760 1031.116 0.000 78.985 0.000 2.0 79.0 0.0 1
817.504 31.760 1031.025 0.000 78.985 0.000 2.0 79.0 0.0 1
817.430 31.760 1030.943 0.000 78.985 0.000 2.0 79.0 0.0 1
817.377 31.760 1030.836 0.000 78.985 0.000 2.0 79.0 0.0 1
817.380 31.760 1030.777 0.000 78.985 0.000 2.0 79.0 0.0 1
817.413 31.760 1030.729 0.000 78.985 0.000 2.0 79.0 0.0 1
817.475 31.760 1030.695 0.000 78.985 0.000 2.0 79.0 0.0 1
817.566 31.760 1030.674 0.000 78.985 0.000 2.0 79.0 0.0 1
817.759 31.760 1030.660 0.000 78.985 0.000 2.0 79.0 0.0 1
817.927 31.760 1030.661 0.000 78.985 0.000 2.0 79.0 0.0 1
818.126 31.760 1030.670 0.000 78.985 0.000 2.0 79.0 0.0 1
818.355 31.760 1030.686 0.000 78.985 0.000 2.0 79.0 0.0 1
818.616 31.760 1030.710 0.000 78.985 0.000 2.0 79.0 0.0 1
818.907 31.760 1030.742 0.000 78.985 0.000 2.0 79.0 0.0 1
819.230 31.760 1030.781 0.000 78.985 0.000 2.0 79.0 0.0 1
819.584 31.760 1030.828 0.000 78.985 0.000 2.0 79.0 0.0 1
819.968 31.760 1030.882 0.000 78.985 0.000 2.0 79.0 0.0 1
820.384 31.754 1030.944 0.000 78.985 0.000 2.0 79.0 0.0 1
820.830 31.760 1031.014 0.000 78.985 0.000 2.0 79.0 0.0 1
821.307 31.760 1031.091 0.000 78.985 0.000 2.0 79.0 0.0 1
821.815 31.760 1031.175 0.000 78.985 0.000 2.0 79.0 0.0 1
822.354 31.760 1031.268 0.000 78.985 0.000 2.0 79.0 0.0 1
822.924 31.760 1031.368 0.000 78.985 0.000 2.0 79.0 0.0 1
823.525 31.760 1031.475 0.000 78.985 0.000 2.0 79.0 0.0 1
824.157 31.760 1031.590 0.000 78.985 0.000 2.0 79.0 0.0 1
824.773 31.760 1031.703 0.000 78.985 0.000 2.0 79.0 0.0 1
825.638 31.760 1031.862 0.000 78.985 0.000 2.0 79.0 0.0 1
826.175 31.760 1031.960 0.000 78.985 0.000 2.0 79.0 0.0 1
826.681 31.760 1032.053 0.000 78.985 0.000 2.0 79.0 0.0 1
827.155 31.760 1032.141 0.000 78.985 0.000 2.0 79.0 0.0 1
827.597 31.760 1032.224 0.000 78.985 0.000 2.0 79.0 0.0 1
828.008 31.760 1032.301 0.000 78.985 0.000 2.0 79.0 0.0 1
828.387 31.760 1032.373 0.000 78.985 0.000 2.0 79.0 0.0 1
828.735 31.760 1032.438 0.000 78.985 0.000 2.0 79.0 0.0 1
829.198 31.760 1032.525 0.000 78.985 0.000 2.0 79.0 0.0 1
829.467 31.760 1032.575 0.000 78.985 0.000 2.0 79.0 0.0 1
829.705 31.760 1032.619 0.000 78.985 0.000 2.0 79.0 0.0 1
829.911 31.760 1032.657 0.000 78.985 0.000 2.0 79.0 0.0 1
830.086 31.760 1032.690 0.000 78.985 0.000 2.0 79.0 0.0 1
830.229 31.760 1032.716 0.000 78.985 0.000 2.0 79.0 0.0 1
830.341 31.760 1032.737 0.000 78.985 0.000 2.0 79.0 0.0 1
830.421 31.760 1032.752 0.000 78.985 0.000 2.0 79.0 0.0 1
830.470 31.760 1032.761 0.000 78.985 0.000 2.0 79.0 0.0 1
830.488 31.760 1032.764 0.000 78.985 0.000 2.0 79.0 0.0 1
830.476 31.760 1032.762 0.000 78.985 0.000 2.0 79.0 0.0 1
830.459 31.760 1032.758 0.000 78.985 0.000 2.0 79.0 0.0 1
830.441 31.760 1032.755 0.000 78.985 0.000 2.0 79.0 0.0 1
830.424 31.760 1032.752 0.000 78.985 0.000 2.0 79.0 0.0 1
830.399 31.760 1032.747 0.000 78.985 0.000 2.0 79.0 0.0 1
830.381 31.760 1032.743 0.000 78.985 0.000 2.0 79.0 0.0 1
830.364 31.760 1032.740 0.000 78.985 0.000 2.0 79.0 0.0 1
830.347 31.760 1032.737 0.000 78.985 0.000 2.0 79.0 0.0 1
830.330 31.760 1032.733 0.000 78.985 0.000 2.0 79.0 0.0 1
830.313 31.760 1032.730 0.000 78.985 0.000 2.0 79.0 0.0 1
830.296 31.760 1032.727 0.000 78.985 0.000 2.0 79.0 0.0 1
830.278 31.760 1032.723 0.000 78.985 0.000 2.0 79.0 0.0 1
830.261 31.760 1032.720 0.000 78.985 0.000 2.0 79.0 0.0 1
830.244 31.760 1032.717 0.000 78.985 0.000 2.0 79.0 0.0 1
830.227 31.760 1032.713 0.000 78.985 0.000 2.0 79.0 0.0 1
830.210 31.760 1032.710 0.000 78.985 0.000 2.0 79.0 0.0 1
830.193 31.760 1032.706 0.000 78.985 0.000 2.0 79.0 0.0 1
830.175 31.760 1032.703 0.000 78.985 0.000 2.0 79.0 0.0 1
830.150 31.760 1032.698 0.000 78.985 0.000 2.0 79.0 0.0 1
830.132 31.760 1032.695 0.000 78.985 0.000 2.0 79.0 0.0 1
830.115 31.760 1032.691 0.000 78.985 0.000 2.0 79.0 0.0 1
740.457 54.491 911.247 0.000 78.985 0.000 2.0 79.0 0.0 2
740.457 54.435 911.247 0.000 78.985 0.000 2.0 79.0 0.0 2
740.481 54.347 911.252 0.000 78.985 0.000 2.0 79.0 0.0 2
740.524 54.227 911.260 0.000 78.985 0.000 2.0 79.0 0.0 2
740.566 54.075 911.268 0.000 78.985 0.000 2.0 79.0 0.0 2
740.609 53.891 911.277 0.000 78.985 0.000 2.0 79.0 0.0 2
740.652 53.675 911.285 0.000 78.985 0.000 2.0 79.0 0.0 2
740.695 53.427 911.293 0.000 78.985 0.000 2.0 79.0 0.0 2
740.738 53.147 911.302 0.000 78.985 0.000 2.0 79.0 0.0 2
740.781 52.835 911.310 0.000 78.985 0.000 2.0 79.0 0.0 2
740.824 52.491 911.319 0.000 78.985 0.000 2.0 79.0 0.0 2
740.889 51.915 911.331 0.000 78.985 0.000 2.0 79.0 0.0 2
740.932 51.491 911.339 0.000 78.985 0.000 2.0 79.0 0.0 2
740.975 51.035 911.348 0.000 78.985 0.000 2.0 79.0 0.0 2
741.018 50.547 911.356 0.000 78.985 0.000 2.0 79.0 0.0 2
741.051 50.027 911.363 0.000 78.985 0.000 2.0 79.0 0.0 2
741.066 49.475 911.366 0.000 78.985 0.000 2.0 79.0 0.0 2
741.065 48.891 911.365 0.000 78.985 0.000 2.0 79.0 0.0 2
741.064 48.275 911.365 0.000 78.985 0.000 2.0 79.0 0.0 2
741.064 47.627 911.365 0.000 78.985 0.000 2.0 79.0 0.0 2
741.063 46.947 911.365 0.000 78.985 0.000 2.0 79.0 0.0 2
741.062 46.235 911.365 0.000 78.985 0.000 2.0 79.0 0.0 2
741.059 45.491 911.364 0.000 78.985 0.000 2.0 79.0 0.0 2
741.054 44.315 911.363 0.000 78.985 0.000 2.0 79.0 0.0 2
741.048 43.515 911.362 0.000 78.985 0.000 2.0 79.0 0.0 2
741.037 42.715 911.360 0.000 78.607 0.000 1.8 78.6 0.0 2
741.026 41.915 911.357 0.000 77.752 0.000 1.4 77.8 0.0 2
741.009 41.115 911.353 0.000 76.797 0.000 1.0 76.8 0.0 2
740.992 40.315 911.349 0.000 75.842 0.000 0.6 75.8 0.0 2
740.981 39.515 911.346 0.000 74.843 0.000 0.3 74.8 0.0 2
740.970 38.715 911.343 0.000 73.839 0.000 0.2 73.8 0.0 2
740.959 37.915 911.340 0.000 72.836 0.000 0.0 72.8 0.0 2
740.948 37.115 911.336 0.000 71.833 0.000 359.9 71.8 0.0 2
740.938 36.315 911.332 0.000 70.829 0.000 359.8 70.8 0.0 2
740.927 35.515 911.329 0.000 69.826 0.000 359.8 69.8 0.0 2
740.921 34.715 911.326 0.000 68.823 0.000 359.7 68.8 0.0 2
740.911 33.915 911.322 0.000 67.819 0.000 359.7 67.8 0.0 2
740.900 33.115 911.317 0.000 66.816 0.000 359.7 66.8 0.0 2
740.885 31.915 911.310 0.000 65.813 0.000 359.7 65.8 0.0 2
740.874 31.760 911.306 0.000 64.809 0.000 359.7 64.8 0.0 2
740.864 31.760 911.301 0.000 63.806 0.000 359.7 63.8 0.0 2
740.854 31.760 911.296 0.000 62.803 0.000 359.7 62.8 0.0 2
740.844 31.760 911.290 0.000 61.799 0.000 359.7 61.8 0.0 2
740.834 31.760 911.285 0.000 60.796 0.000 359.7 60.8 0.0 2
740.824 31.760 911.279 0.000 59.797 0.000 359.7 59.8 0.0 2
740.815 31.760 911.273 0.000 58.807 0.000 359.7 58.8 0.0 2
740.800 31.760 911.264 0.000 57.804 0.000 359.5 57.8 0.0 2
740.791 31.760 911.258 0.000 56.800 0.000 359.3 56.8 0.0 2
740.782 31.760 911.251 0.000 55.797 0.000 359.1 55.8 0.0 2
740.772 31.760 911.245 0.000 54.794 0.000 359.1 54.8 0.0 2
740.763 31.760 911.238 0.000 53.790 0.000 359.1 53.8 0.0 2
740.754 31.760 911.231 0.000 52.787 0.000 359.1 52.8 0.0 2
740.741 31.760 911.221 0.000 51.783 0.000 359.1 51.8 0.0 2
740.732 31.760 911.214 0.000 50.780 0.000 359.1 50.8 0.0 2
740.723 31.760 911.206 0.000 49.777 0.000 359.1 49.8 0.0 2
740.715 31.760 911.199 0.000 48.773 0.000 359.1 48.8 0.0 2
740.706 31.760 911.191 0.000 47.770 0.000 359.1 47.8 0.0 2
740.698 31.760 911.184 0.000 46.767 0.000 359.1 46.8 0.0 2
740.690 31.760 911.176 0.000 45.763 0.000 359.1 45.8 0.0 2
740.682 31.760 911.168 0.000 44.760 0.000 359.1 44.8 0.0 2
740.678 31.760 911.163 0.000 43.757 0.000 359.1 43.8 0.0 2
740.670 31.760 911.155 0.000 42.753 0.000 359.2 42.8 0.0 2
740.662 31.760 911.146 0.000 41.750 0.000 359.3 41.8 0.0 2
740.655 31.760 911.138 0.000 40.747 0.000 359.4 40.7 0.0 2
740.660 31.760 911.144 0.000 39.743 0.000 359.5 39.7 0.0 2
740.682 31.760 911.171 0.000 38.740 0.000 359.6 38.7 0.0 2
740.733 31.760 911.237 0.000 37.737 0.000 359.8 37.7 0.0 2
740.781 31.760 911.299 0.000 36.733 0.000 359.9 36.7 0.0 2
740.844 31.760 911.390 0.000 35.730 0.000 0.1 35.7 0.0 2
740.906 31.760 911.512 0.000 34.727 0.000 0.2 34.7 0.0 2
740.961 31.760 911.665 0.000 33.723 0.000 0.4 33.7 0.0 2
741.008 31.760 911.849 0.000 32.720 0.000 0.6 32.7 0.0 2
741.046 31.760 912.063 0.000 31.717 0.000 0.7 31.7 0.0 2
741.083 31.760 912.441 0.000 30.713 0.000 0.9 30.7 0.0 2
741.093 31.760 912.731 0.000 29.710 0.000 1.0 29.7 0.0 2
741.090 31.756 913.049 0.000 28.707 0.000 1.2 28.7 0.0 2
741.073 31.760 913.396 0.000 27.703 0.000 1.3 27.7 0.0 2
741.040 31.760 913.770 0.000 26.700 0.000 1.5 26.7 0.0 2
740.991 31.760 914.172 0.000 25.697 0.000 1.7 25.7 0.0 2
740.916 31.760 914.569 0.000 24.693 0.000 1.8 24.7 0.0 2
740.818 31.760 914.945 0.000 23.690 0.000 1.9 23.7 0.0 2
740.698 31.760 915.297 0.000 22.687 0.000 2.0 22.7 0.0 2
740.557 31.760 915.625 0.000 21.683 0.000 2.0 21.7 0.0 2
740.395 31.760 915.929 0.000 20.680 0.000 2.0 20.7 0.0 2
740.213 31.760 916.208 0.000 19.677 0.000 2.0 19.7 0.0 2
740.012 31.760 916.461 0.000 18.673 0.000 2.0 18.7 0.0 2
739.793 31.760 916.688 0.000 17.670 0.000 2.0 17.7 0.0 2
739.557 31.760 916.888 0.000 16.667 0.000 2.0 16.7 0.0 2
739.308 31.760 917.058 0.000 15.663 0.000 2.0 15.7 0.0 2
739.050 31.760 917.198 0.000 14.660 0.000 2.0 14.7 0.0 2
738.788 31.760 917.306 0.000 13.657 0.000 2.0 13.7 0.0 2
738.527 31.760 917.382 0.000 12.653 0.000 2.0 12.7 0.0 2
738.277 31.760 917.428 0.000 11.650 0.000 2.0 11.7 0.0 2
737.932 31.760 917.446 0.000 10.647 0.000 2.0 10.6 0.0 2
737.724 31.760 917.425 0.000 9.643 0.000 2.0 9.6 0.0 2
737.544 31.760 917.403 0.000 8.640 0.000 2.0 8.6 0.0 2
737.394 31.760 917.391 0.000 7.637 0.000 2.0 7.6 0.0 2
737.275 31.760 917.388 0.000 6.633 0.000 2.0 6.6 0.0 2
737.187 31.760 917.394 0.000 5.630 0.000 2.0 5.6 0.0 2
737.130 31.760 917.409 0.000 4.627 0.000 2.0 4.6 0.0 2
737.101 31.760 917.450 0.000 3.623 0.000 2.0 3.6 0.0 2
737.100 31.760 917.461 0.000 2.620 0.000 2.0 2.6 0.0 2
737.100 31.760 917.444 0.000 1.617 0.000 2.0 1.6 0.0 2
737.099 31.760 917.394 0.000 0.613 0.000 2.0 0.6 0.0 2
737.098 31.760 917.313 0.000 359.610 0.000 2.0 359.6 0.0 2
737.098 31.760 917.200 0.000 358.607 0.000 2.0 358.6 0.0 2
737.095 31.760 917.055 0.000 357.604 0.000 2.0 357.6 0.0 2
737.079 31.752 916.880 0.000 356.600 0.000 2.0 356.6 0.0 2
737.049 31.760 916.678 0.000 355.597 0.000 2.0 355.6 0.0 2
737.006 31.760 916.446 0.000 354.594 0.000 2.0 354.6 0.0 2
736.949 31.760 916.185 0.000 353.590 0.000 2.0 353.6 0.0 2
736.880 31.760 915.895 0.000 352.587 0.000 2.0 352.6 0.0 2
736.799 31.760 915.575 0.000 351.584 0.000 2.0 351.6 0.0 2
736.707 31.760 915.225 0.000 350.580 0.000 2.0 350.6 0.0 2
736.552 31.760 914.643 0.000 349.577 0.000 2.0 349.6 0.0 2
736.437 31.760 914.217 0.000 348.574 0.000 2.0 348.6 0.0 2
736.314 31.760 913.760 0.000 347.570 0.000 2.0 347.6 0.0 2
736.184 31.760 913.271 0.000 346.567 0.000 2.0 346.6 0.0 2
736.049 31.760 912.751 0.000 345.564 0.000 2.0 345.6 0.0 2
735.911 31.760 912.200 0.000 344.560 0.000 2.0 344.6 0.0 2
735.763 31.757 911.617 0.000 343.557 0.000 2.0 343.6 0.0 2
735.602 31.760 911.007 0.000 342.554 0.000 2.0 342.6 0.0 2
735.422 31.760 910.371 0.000 341.550 0.000 2.0 341.6 0.0 2
735.220 31.760 909.711 0.000 340.547 0.000 2.0 340.5 0.0 2
734.999 31.760 909.026 0.000 339.544 0.000 2.0 339.5 0.0 2
734.763 31.760 908.313 0.000 338.540 0.000 2.0 338.5 0.0 2
734.522 31.760 907.569 0.000 337.537 0.000 2.0 337.5 0.0 2
734.205 31.760 906.430 0.000 336.534 0.000 2.0 336.5 0.0 2
734.034 31.760 905.670 0.000 335.530 0.000 2.0 335.5 0.0 2
733.892 31.760 904.920 0.000 334.527 0.000 2.0 334.5 0.0 2
733.780 31.760 904.182 0.000 333.524 0.000 2.0 333.5 0.0 2
733.695 31.760 903.462 0.000 332.520 0.000 2.0 332.5 0.0 2
733.629 31.760 902.766 0.000 331.517 0.000 2.0 331.5 0.0 2
733.577 31.760 902.100 0.000 330.514 0.000 2.0 330.5 0.0 2
733.532 31.760 901.464 0.000 329.510 0.000 2.0 329.5 0.0 2
733.489 31.760 900.860 0.000 328.507 0.000 2.0 328.5 0.0 2
733.448 31.760 900.289 0.000 327.504 0.000 2.0 327.5 0.0 2
733.407 31.760 899.749 0.000 326.500 0.000 2.0 326.5 0.0 2
733.345 31.760 898.999 0.000 325.497 0.000 2.0 325.5 0.0 2
733.302 31.760 898.540 0.000 324.494 0.000 2.0 324.5 0.0 2
733.258 31.760 898.112 0.000 323.490 0.000 2.0 323.5 0.0 2
733.213 31.760 897.716 0.000 322.487 0.000 2.0 322.5 0.0 2
733.169 31.751 897.352 0.000 321.484 0.000 2.0 321.5 0.0 2
733.129 31.760 897.021 0.000 320.480 0.000 2.0 320.5 0.0 2
733.093 31.760 896.720 0.000 319.477 0.000 2.0 319.5 0.0 2
733.061 31.760 896.452 0.000 318.474 0.000 2.0 318.5 0.0 2
733.034 31.760 896.215 0.000 317.470 0.000 2.0 317.5 0.0 2
733.011 31.760 896.010 0.000 316.467 0.000 2.0 316.5 0.0 2
732.992 31.760 895.837 0.000 315.464 0.000 2.0 315.5 0.0 2
732.977 31.760 895.696 0.000 314.460 0.000 2.0 314.5 0.0 2
732.967 31.760 895.586 0.000 313.457 0.000 2.0 313.5 0.0 2
732.961 31.760 895.508 0.000 312.454 0.000 2.0 312.5 0.0 2
732.959 31.760 895.462 0.000 311.450 0.000 2.0 311.5 0.0 2
732.984 31.760 895.407 0.000 310.447 0.000 2.0 310.4 0.0 2
733.017 31.760 895.352 0.000 309.444 0.000 2.0 309.4 0.0 2
733.102 31.760 895.221 0.000 308.440 0.000 2.0 308.4 0.0 2
733.178 31.760 895.099 0.000 307.437 0.000 2.0 307.4 0.0 2
733.319 31.760 894.862 0.000 306.434 0.000 2.0 306.4 0.0 2
733.428 31.760 894.668 0.000 305.430 0.000 2.0 305.4 0.0 2
733.608 31.760 894.319 0.000 304.427 0.000 2.0 304.4 0.0 2
733.798 31.760 893.899 0.000 303.424 0.000 2.0 303.4 0.0 2
733.990 31.760 893.408 0.000 302.420 0.000 2.0 302.4 0.0 2
734.182 31.760 892.844 0.000 301.417 0.000 2.0 301.4 0.0 2
734.375 31.760 892.208 0.000 300.414 0.000 2.0 300.4 0.0 2
734.567 31.760 891.501 0.000 299.410 0.000 2.0 299.4 0.0 2
734.816 31.760 890.446 0.000 298.407 0.000 2.0 298.4 0.0 2
734.999 31.760 889.572 0.000 297.404 0.000 2.0 297.4 0.0 2
735.140 31.760 888.697 0.000 296.400 0.000 2.0 296.4 0.0 2
735.247 31.760 887.607 0.000 295.397 0.000 2.0 295.4 0.0 2
735.271 31.760 886.853 0.000 294.394 0.000 2.0 294.4 0.0 2
735.228 31.760 885.930 0.000 293.390 0.000 2.0 293.4 0.0 2
735.139 31.760 885.300 0.000 292.387 0.000 2.0 292.4 0.0 2
734.935 31.760 884.532 0.000 291.384 0.000 2.0 291.4 0.0 2
734.709 31.760 883.996 0.000 290.380 0.000 2.0 290.4 0.0 2
734.413 31.758 883.475 0.000 289.377 0.000 2.0 289.4 0.0 2
733.908 31.760 882.782 0.000 288.374 0.000 2.0 288.4 0.0 2
733.520 31.760 882.223 0.000 287.370 0.000 2.0 287.4 0.0 2
733.190 31.760 881.622 0.000 286.367 0.000 2.0 286.4 0.0 2
732.924 31.760 880.991 0.000 285.364 0.000 2.0 285.4 0.0 2
732.671 31.760 880.102 0.000 284.360 0.000 2.0 284.4 0.0 2
732.558 31.760 879.402 0.000 283.357 0.000 2.0 283.4 0.0 2
732.426 31.760 878.668 0.000 282.354 0.000 2.0 282.4 0.0 2
732.142 31.760 877.681 0.000 281.350 0.000 2.0 281.4 0.0 2
731.846 31.760 876.948 0.000 280.347 0.000 2.0 280.3 0.0 2
731.478 31.760 876.225 0.000 279.344 0.000 2.0 279.3 0.0 2
730.881 31.760 875.291 0.000 278.340 0.000 2.0 278.3 0.0 2
730.359 31.760 874.628 0.000 277.337 0.000 2.0 277.3 0.0 2
729.782 31.760 874.010 0.000 276.334 0.000 2.0 276.3 0.0 2
728.936 31.760 873.268 0.000 275.330 0.000 2.0 275.3 0.0 2
728.246 31.760 872.774 0.000 274.327 0.000 2.0 274.3 0.0 2
727.252 31.760 872.199 0.000 273.324 0.000 2.0 273.3 0.0 2
726.449 31.760 871.830 0.000 272.320 0.000 2.0 272.3 0.0 2
725.596 31.760 871.511 0.000 271.317 0.000 2.0 271.3 0.0 2
724.378 31.754 871.164 0.000 270.314 0.000 2.0 270.3 0.0 2
723.401 31.760 870.960 0.000 269.310 0.000 2.0 269.3 0.0 2
722.370 31.760 870.798 0.000 268.307 0.000 2.0 268.3 0.0 2
720.907 31.760 870.640 0.000 267.304 0.000 2.0 267.3 0.0 2
719.734 31.760 870.555 0.000 266.300 0.000 2.0 266.3 0.0 2
718.538 31.760 870.457 0.000 265.297 0.000 2.0 265.3 0.0 2
716.946 31.760 870.298 0.000 264.294 0.000 2.0 264.3 0.0 2
715.754 31.760 870.158 0.000 263.290 0.000 2.0 263.3 0.0 2
714.169 31.760 869.943 0.000 262.287 0.000 2.0 262.3 0.0 2
712.989 31.760 869.735 0.000 261.284 0.000 2.0 261.3 0.0 2
711.832 31.760 869.459 0.000 260.280 0.000 2.0 260.3 0.0 2
710.338 31.760 868.990 0.000 259.277 0.000 2.0 259.3 0.0 2
709.259 31.760 868.564 0.000 258.274 0.000 2.0 258.3 0.0 2
707.876 31.760 867.901 0.000 257.270 0.000 2.0 257.3 0.0 2
706.870 31.760 867.326 0.000 256.267 0.000 2.0 256.3 0.0 2
705.840 31.760 866.717 0.000 255.264 0.000 2.0 255.3 0.0 2
704.817 31.760 866.089 0.000 254.260 0.000 2.0 254.3 0.0 2
703.419 31.760 865.311 0.000 253.257 0.000 2.0 253.3 0.0 2
702.374 31.760 864.723 0.000 252.254 0.000 2.0 252.3 0.0 2
700.974 31.760 863.947 0.000 251.250 0.000 2.0 251.3 0.0 2
699.905 31.760 863.402 0.000 250.247 0.000 2.0 250.2 0.0 2
698.835 31.760 862.860 0.000 249.244 0.000 2.0 249.2 0.0 2
697.375 31.760 862.209 0.000 248.677 0.000 2.0 248.7 0.0 2
696.257 31.760 861.773 0.000 248.677 0.000 2.0 248.7 0.0 2
695.139 31.760 861.337 0.000 248.677 0.000 2.0 248.7 0.0 2
693.649 31.760 860.755 0.000 248.677 0.000 2.0 248.7 0.0 2
692.531 31.760 860.319 0.000 248.677 0.000 2.0 248.7 0.0 2
691.418 31.760 859.871 0.000 248.116 0.000 2.0 248.1 0.0 2
690.310 31.759 859.409 0.000 247.257 0.000 2.0 247.3 0.0 2
688.836 31.760 858.789 0.000 247.176 0.000 2.0 247.2 0.0 2
687.730 31.760 858.323 0.000 247.176 0.000 2.0 247.2 0.0 2
686.255 31.760 857.702 0.000 247.130 0.000 2.0 247.1 0.0 2
685.157 31.760 857.218 0.000 246.223 0.000 2.0 246.2 0.0 2
684.068 31.760 856.715 0.000 245.219 0.000 2.0 245.2 0.0 2
682.615 31.760 856.044 0.000 245.219 0.000 2.0 245.2 0.0 2
681.526 31.753 855.541 0.000 245.219 0.000 2.0 245.2 0.0 2
680.436 31.760 855.038 0.000 245.219 0.000 2.0 245.2 0.0 2
678.989 31.760 854.357 0.000 244.811 0.000 2.0 244.8 0.0 2
677.909 31.760 853.834 0.000 244.144 0.000 2.0 244.1 0.0 2
676.829 31.760 853.310 0.000 244.120 0.000 2.0 244.1 0.0 2
675.750 31.760 852.787 0.000 244.120 0.000 2.0 244.1 0.0 2
674.310 31.760 852.088 0.000 244.120 0.000 2.0 244.1 0.0 2
673.238 31.760 851.549 0.000 243.300 0.000 2.0 243.3 0.0 2
672.176 31.760 850.991 0.000 242.297 0.000 2.0 242.3 0.0 2
670.772 31.760 850.223 0.000 241.294 0.000 2.0 241.3 0.0 2
669.730 31.760 849.629 0.000 240.334 0.000 2.0 240.3 0.0 2
668.339 31.760 848.837 0.000 240.334 0.000 2.0 240.3 0.0 2
667.297 31.760 848.243 0.000 240.334 0.000 2.0 240.3 0.0 2
666.254 31.760 847.649 0.000 240.334 0.000 2.0 240.3 0.0 2
665.211 31.760 847.055 0.000 240.334 0.000 2.0 240.3 0.0 2
663.821 31.760 846.263 0.000 240.334 0.000 2.0 240.3 0.0 2
662.778 31.760 845.669 0.000 240.334 0.000 2.0 240.3 0.0 2
661.388 31.760 844.877 0.000 240.334 0.000 2.0 240.3 0.0 2
660.345 31.760 844.283 0.000 240.334 0.000 2.0 240.3 0.0 2
659.303 31.760 843.690 0.000 240.334 0.000 2.0 240.3 0.0 2
658.260 31.760 843.096 0.000 240.334 0.000 2.0 240.3 0.0 2
656.870 31.760 842.304 0.000 240.334 0.000 2.0 240.3 0.0 2
655.827 31.760 841.710 0.000 240.334 0.000 2.0 240.3 0.0 2
654.784 31.760 841.116 0.000 240.334 0.000 2.0 240.3 0.0 2
653.394 31.760 840.324 0.000 240.334 0.000 2.0 240.3 0.0 2
652.352 31.760 839.730 0.000 240.334 0.000 2.0 240.3 0.0 2
651.309 31.760 839.136 0.000 240.334 0.000 2.0 240.3 0.0 2
649.919 31.760 838.344 0.000 240.334 0.000 2.0 240.3 0.0 2
648.876 31.760 837.751 0.000 240.334 0.000 2.0 240.3 0.0 2
647.834 31.760 837.157 0.000 240.334 0.000 2.0 240.3 0.0 2
646.443 31.760 836.365 0.000 240.334 0.000 2.0 240.3 0.0 2
645.401 31.760 835.771 0.000 240.334 0.000 2.0 240.3 0.0 2
644.358 31.760 835.177 0.000 240.334 0.000 2.0 240.3 0.0 2
643.315 31.760 834.583 0.000 240.334 0.000 1.7 240.3 0.0 2
641.925 31.760 833.791 0.000 240.334 0.000 1.2 240.3 0.0 2
640.882 31.760 833.197 0.000 240.334 0.000 0.8 240.3 0.0 2
639.840 31.760 832.603 0.000 240.334 0.000 0.8 240.3 0.0 2
638.449 31.760 831.811 0.000 240.334 0.000 0.8 240.3 0.0 2
637.407 31.760 831.217 0.000 240.334 0.000 0.8 240.3 0.0 2
636.364 31.760 830.623 0.000 240.334 0.000 0.8 240.3 0.0 2
634.974 31.760 829.832 0.000 240.334 0.000 0.8 240.3 0.0 2
633.931 31.760 829.238 0.000 240.334 0.000 0.8 240.3 0.0 2
632.888 31.753 828.644 0.000 240.334 0.000 0.8 240.3 0.0 2
631.499 31.760 827.852 0.000 240.334 0.000 0.8 240.3 0.0 2
630.456 31.760 827.258 0.000 240.334 0.000 0.8 240.3 0.0 2
629.413 31.760 826.664 0.000 240.334 0.000 0.8 240.3 0.0 2
628.023 31.760 825.872 0.000 240.334 0.000 0.8 240.3 0.0 2
626.980 31.760 825.278 0.000 240.334 0.000 0.8 240.3 0.0 2
625.937 31.760 824.684 0.000 240.334 0.000 0.8 240.3 0.0 2
624.547 31.760 823.893 0.000 240.334 0.000 0.8 240.3 0.0 2
623.505 31.760 823.299 0.000 240.334 0.000 0.8 240.3 0.0 2
622.462 31.760 822.705 0.000 240.334 0.000 0.8 240.3 0.0 2
621.072 31.760 821.913 0.000 240.334 0.000 0.8 240.3 0.0 2
620.029 31.760 821.319 0.000 240.334 0.000 0.8 240.3 0.0 2
618.986 31.760 820.725 0.000 240.334 0.000 0.8 240.3 0.0 2
617.944 31.760 820.131 0.000 240.334 0.000 0.8 240.3 0.0 2
616.554 31.760 819.340 0.000 240.334 0.000 0.8 240.3 0.0 2
615.511 31.753 818.746 0.000 240.334 0.000 0.8 240.3 0.0 2
614.469 31.760 818.152 0.000 240.334 0.000 0.8 240.3 0.0 2
613.079 31.760 817.360 0.000 240.334 0.000 0.8 240.3 0.0 2
612.036 31.760 816.766 0.000 240.334 0.000 0.8 240.3 0.0 2
610.646 31.760 815.974 0.000 240.334 0.000 0.8 240.3 0.0 2
609.603 31.760 815.380 0.000 240.334 0.000 0.8 240.3 0.0 2
608.560 31.760 814.786 0.000 240.334 0.000 0.8 240.3 0.0 2
607.169 31.760 813.997 0.000 240.437 0.000 0.8 240.4 0.0 2
606.123 31.760 813.409 0.000 240.649 0.000 0.8 240.6 0.0 2
604.725 31.760 812.631 0.000 240.900 0.000 0.8 240.9 0.0 2
603.690 31.760 812.023 0.000 241.165 0.000 0.8 241.2 0.0 2
602.687 31.760 811.376 0.000 241.167 0.000 0.8 241.2 0.0 2
601.421 31.760 810.428 0.000 241.167 0.000 0.8 241.2 0.0 2
600.527 31.760 809.654 0.000 241.178 0.000 0.8 241.2 0.0 2
599.680 31.760 808.825 0.000 241.600 0.000 0.8 241.6 0.0 2
598.621 31.760 807.634 0.000 241.600 0.000 0.8 241.6 0.0 2
597.848 31.760 806.716 0.000 241.600 0.000 0.8 241.6 0.0 2
597.075 31.760 805.798 0.000 241.600 0.000 0.8 241.6 0.0 2
595.986 31.760 804.629 0.000 241.600 0.000 0.8 241.6 0.0 2
595.119 31.760 803.799 0.000 241.600 0.000 0.8 241.6 0.0 2
594.219 31.760 803.008 0.000 241.600 0.000 0.8 241.6 0.0 2
592.952 31.760 802.044 0.000 241.600 0.000 0.8 241.6 0.0 2
591.954 31.760 801.390 0.000 241.600 0.000 0.8 241.6 0.0 2
590.915 31.760 800.796 0.000 241.600 0.000 0.8 241.6 0.0 2
589.859 31.760 800.225 0.000 241.600 0.000 0.8 241.6 0.0 2
588.452 31.757 799.464 0.000 241.600 0.000 0.8 241.6 0.0 2
587.397 31.760 798.894 0.000 241.600 0.000 0.8 241.6 0.0 2
586.341 31.760 798.323 0.000 241.600 0.000 0.8 241.6 0.0 2
584.934 31.760 797.562 0.000 241.600 0.000 0.8 241.6 0.0 2
583.878 31.760 796.991 0.000 241.600 0.000 0.8 241.6 0.0 2
582.823 31.760 796.421 0.000 241.600 0.000 0.8 241.6 0.0 2
581.416 31.760 795.660 0.000 241.600 0.000 0.8 241.6 0.0 2
580.361 31.760 795.089 0.000 241.600 0.000 0.8 241.6 0.0 2
579.305 31.760 794.519 0.000 241.600 0.000 0.8 241.6 0.0 2
578.250 31.760 793.948 0.000 241.600 0.000 0.8 241.6 0.0 2
576.842 31.760 793.187 0.000 241.600 0.000 0.8 241.6 0.0 2
575.787 31.760 792.616 0.000 241.600 0.000 0.8 241.6 0.0 2
574.379 31.760 791.855 0.000 241.600 0.000 0.8 241.6 0.0 2
573.324 31.760 791.284 0.000 241.600 0.000 0.8 241.6 0.0 2
572.268 31.760 790.714 0.000 241.600 0.000 0.8 241.6 0.0 2
570.861 31.760 789.953 0.000 241.600 0.000 0.8 241.6 0.0 2
569.805 31.760 789.382 0.000 241.600 0.000 0.8 241.6 0.0 2
568.750 31.760 788.811 0.000 241.600 0.000 0.8 241.6 0.0 2
567.342 31.760 788.050 0.000 241.600 0.000 0.8 241.6 0.0 2
566.329 31.760 787.502 0.000 242.030 0.000 0.8 242.0 0.0 2
565.379 31.760 786.988 0.000 242.986 0.000 0.8 243.0 0.0 2
564.212 31.760 786.356 0.000 243.967 0.000 0.8 244.0 0.0 2
563.411 31.760 785.921 0.000 243.967 0.000 0.8 244.0 0.0 2
562.673 31.760 785.520 0.000 243.967 0.000 0.8 244.0 0.0 2
561.999 31.760 785.153 0.000 243.967 0.000 0.8 244.0 0.0 2
561.200 31.760 784.716 0.000 243.967 0.000 0.8 244.0 0.0 2
560.675 31.760 784.428 0.000 243.967 0.000 0.8 244.0 0.0 2
560.213 31.760 784.174 0.000 243.967 0.000 0.8 244.0 0.0 2
559.697 31.760 783.887 0.000 243.967 0.000 0.8 244.0 0.0 2
559.384 31.760 783.711 0.000 243.967 0.000 0.8 244.0 0.0 2
559.066 31.760 783.529 0.000 243.967 0.000 0.8 244.0 0.0 2
558.902 31.760 783.431 0.000 243.967 0.000 0.8 244.0 0.0 2
558.802 31.760 783.367 0.000 243.967 0.000 0.8 244.0 0.0 2
558.768 31.760 783.333 0.000 243.967 0.000 0.8 244.0 0.0 2
558.791 31.760 783.343 0.000 243.967 0.000 0.8 244.0 0.0 2
558.771 31.760 783.334 0.000 243.967 0.000 0.8 244.0 0.0 2
558.645 31.757 783.272 0.000 243.967 0.000 0.8 244.0 0.0 2
558.475 31.760 783.189 0.000 243.967 0.000 0.8 244.0 0.0 2
558.240 31.760 783.074 0.000 243.967 0.000 0.8 244.0 0.0 2
557.827 31.760 782.873 0.000 243.967 0.000 0.8 244.0 0.0 2
557.466 31.760 782.696 0.000 243.967 0.000 0.8 244.0 0.0 2
557.149 31.760 782.541 0.000 243.967 0.000 0.8 244.0 0.0 2
556.896 31.760 782.418 0.000 243.967 0.000 0.8 244.0 0.0 2
556.660 31.760 782.302 0.000 243.967 0.000 0.8 244.0 0.0 2
556.558 31.760 782.253 0.000 243.967 0.000 0.8 244.0 0.0 2
556.521 31.760 782.235 0.000 243.967 0.000 0.8 244.0 0.0 2
556.527 31.760 782.238 0.000 243.967 0.000 0.8 244.0 0.0 2
556.531 31.760 782.240 0.000 243.967 0.000 0.8 244.0 0.0 2
556.536 31.760 782.242 0.000 243.967 0.000 0.8 244.0 0.0 2
556.540 31.760 782.244 0.000 243.967 0.000 0.8 244.0 0.0 2
556.545 31.760 782.246 0.000 243.967 0.000 0.8 244.0 0.0 2
556.549 31.760 782.248 0.000 243.967 0.000 0.8 244.0 0.0 2
556.554 31.760 782.251 0.000 243.967 0.000 0.8 244.0 0.0 2
556.558 31.760 782.253 0.000 243.967 0.000 0.8 244.0 0.0 2
556.562 31.760 782.255 0.000 243.967 0.000 0.8 244.0 0.0 2
556.568 31.760 782.257 0.000 243.967 0.000 0.8 244.0 0.0 2
556.572 31.760 782.259 0.000 243.967 0.000 0.8 244.0 0.0 2
556.576 31.760 782.261 0.000 243.967 0.000 0.8 244.0 0.0 2
556.581 31.760 782.264 0.000 243.967 0.000 0.8 244.0 0.0 2
556.585 31.760 782.266 0.000 243.967 0.000 0.8 244.0 0.0 2
556.589 31.760 782.268 0.000 243.967 0.000 0.8 244.0 0.0 2
556.594 31.760 782.270 0.000 243.967 0.000 0.8 244.0 0.0 2
556.599 31.760 782.273 0.000 243.967 0.000 0.8 244.0 0.0 2
556.603 31.760 782.275 0.000 243.967 0.000 0.8 244.0 0.0 2
556.607 31.760 782.277 0.000 243.967 0.000 0.8 244.0 0.0 2
556.613 31.760 782.279 0.000 243.967 0.000 0.8 244.0 0.0 2
556.617 31.760 782.281 0.000 243.967 0.000 0.8 244.0 0.0 2
556.621 31.760 782.283 0.000 243.967 0.000 0.8 244.0 0.0 2
556.572 31.760 782.259 0.000 243.967 0.000 0.8 244.0 0.0 2
556.526 31.760 782.237 0.000 243.967 0.000 0.8 244.0 0.0 2
556.481 31.760 782.215 0.000 243.967 0.000 0.8 244.0 0.0 2
556.368 31.760 782.160 0.000 243.967 0.000 0.8 244.0 0.0 2
556.276 31.760 782.115 0.000 243.967 0.000 0.8 244.0 0.0 2
556.185 31.760 782.070 0.000 243.967 0.000 0.8 244.0 0.0 2
556.063 31.760 782.011 0.000 243.967 0.000 0.8 244.0 0.0 2
555.971 31.760 781.966 0.000 243.967 0.000 0.8 244.0 0.0 2
555.880 31.760 781.921 0.000 243.967 0.000 0.8 244.0 0.0 2
555.758 31.760 781.862 0.000 243.967 0.000 0.8 244.0 0.0 2
555.666 31.760 781.817 0.000 243.967 0.000 0.8 244.0 0.0 2
555.574 31.760 781.772 0.000 243.967 0.000 0.8 244.0 0.0 2
555.452 31.760 781.713 0.000 243.967 0.000 0.8 244.0 0.0 2
555.361 31.760 781.668 0.000 243.967 0.000 0.8 244.0 0.0 2
555.239 31.760 781.608 0.000 243.967 0.000 0.8 244.0 0.0 2
555.147 31.760 781.564 0.000 243.967 0.000 0.8 244.0 0.0 2
555.056 31.760 781.519 0.000 243.967 0.000 0.8 244.0 0.0 2
554.964 31.760 781.474 0.000 243.967 0.000 0.8 244.0 0.0 2
554.914 31.760 781.450 0.000 243.967 0.000 0.8 244.0 0.0 2
554.952 31.760 781.468 0.000 243.967 0.000 0.8 244.0 0.0 2
555.055 31.760 781.519 0.000 243.967 0.000 0.8 244.0 0.0 2
555.257 31.760 781.617 0.000 243.967 0.000 0.8 244.0 0.0 2
555.411 31.760 781.692 0.000 243.967 0.000 0.8 244.0 0.0 2
555.565 31.760 781.767 0.000 243.967 0.000 0.8 244.0 0.0 2
555.718 31.760 781.843 0.000 243.967 0.000 0.8 244.0 0.0 2
555.923 31.760 781.943 0.000 243.967 0.000 0.8 244.0 0.0 2
556.077 31.760 782.018 0.000 243.967 0.000 0.8 244.0 0.0 2
556.230 31.760 782.093 0.000 243.967 0.000 0.8 244.0 0.0 2
556.435 31.760 782.193 0.000 243.967 0.000 0.8 244.0 0.0 2
556.589 31.760 782.268 0.000 243.967 0.000 0.8 244.0 0.0 2
556.742 31.760 782.343 0.000 243.967 0.000 0.8 244.0 0.0 2
556.875 31.760 782.408 0.000 243.967 0.000 0.8 244.0 0.0 2
556.899 31.760 782.419 0.000 243.967 0.000 0.8 244.0 0.0 2
556.859 31.760 782.400 0.000 243.967 0.000 0.8 244.0 0.0 2
556.704 31.760 782.324 0.000 243.967 0.000 0.8 244.0 0.0 2
556.513 31.760 782.231 0.000 243.967 0.000 0.8 244.0 0.0 2
556.257 31.760 782.106 0.000 243.967 0.000 0.8 244.0 0.0 2
555.936 31.760 781.949 0.000 243.967 0.000 0.8 244.0 0.0 2
555.408 31.760 781.691 0.000 243.967 0.000 0.8 244.0 0.0 2
555.023 31.760 781.503 0.000 243.967 0.000 0.8 244.0 0.0 2
554.703 31.760 781.346 0.000 243.967 0.000 0.8 244.0 0.0 2
554.375 31.760 781.187 0.000 243.967 0.000 0.8 244.0 0.0 2
554.171 31.760 781.087 0.000 243.967 0.000 0.8 244.0 0.0 2
553.967 31.760 780.987 0.000 243.967 0.000 0.8 244.0 0.0 2
553.696 31.760 780.855 0.000 243.967 0.000 0.8 244.0 0.0 2
553.492 31.760 780.755 0.000 243.967 0.000 0.8 244.0 0.0 2
553.331 31.760 780.676 0.000 243.967 0.000 0.8 244.0 0.0 2
